100  2.6487144496607368000e+16
-4.5670633920440310612e+05
 3.7905722750729694963e+05
-2.5192949268594179557e+02
 1.3258639170988608669e+01
-7.6458805132218240760e+05
-1.0387868606822362381e+03
 1.6930450391841590000e+15
-3.4869245551204357980e+01
 1.1404252538151441406e+13
-1.2298497063003227711e+09
 2.8942839798005590439e+09
-2.1649261063699377441e+11
-5.0869734702172572725e+03
 3.5200889330372735858e+06
-5.7999927768846787500e+14
-8.4503133769445739746e+10
 2.0859906830814608932e+08
-8.3333182031328380108e+07
 1.1970097087376832962e+09
-1.2187275351209192276e+09
-6.2697706687999560547e+11
 9.0995746599603562500e+13
 4.3311529290234129876e+06
-9.2337277561633992195e+08
 6.1778951078415241227e+02
 1.9640446674027929319e+00
 4.7143353907604534925e-01
-4.1122939535223803520e+09
-2.4063166157120413845e+05
-2.8219357695374742188e+13
-2.1897647429949015625e+13
 3.0676732447538112500e+14
 9.7698786736683262966e-01
 2.4362022542548147612e+03
-3.0935084335167392578e+12
 1.3025466951487500410e+04
-7.9752818289617248535e+10
-3.2038585063857006219e+01
-1.2602664592244912001e+02
 3.3469455223796694554e+02
-1.3372291984771370608e+03
-1.0396554688186855316e+09
-3.2543717427198095571e+00
 4.3674523125042648315e+09
 4.5545977500202546875e+13
-8.9020071531670160000e+15
 4.5174231884558180283e-01
 1.2687869168881269455e+10
-2.8706819234513183594e+10
 6.4138601739059850000e+14
 2.3753998146089380000e+15
-7.8144892836134023438e+12
-5.8971893660140678287e+07
-5.2297971227824113157e+04
 9.6829228720263814926e+08
 5.3776610512072565484e+01
-1.5144079533774246205e-01
 7.4562176025955834961e+11
-7.2859425840777221680e+11
-1.5290194493460093508e+05
 1.4021977655519073486e+11
-1.4694802365871655000e+15
 1.6010080747680068016e+07
 3.5506866216375337500e+14
 2.6991858301131006330e+07
 2.7797707027709867188e+13
-1.1836033596763816406e+13
-1.5483470067313611507e+06
 1.4918726828975415230e+08
 4.5568501834191076660e+11
 4.4348647189354394531e+11
 9.4242322138307723999e+09
-7.4300360731397522613e+05
-1.9971291755621365155e+05
-1.9243132378453460988e+06
 2.2677251051641628146e+06
-4.6149428958377109375e+12
 4.8304254945659277354e+00
-7.4005941564575041411e+03
 8.3344207978092450649e+06
 6.3207649030724111228e-01
-8.0070232393689809669e+02
-5.4732278682765644895e-01
-7.5470743781515575000e+14
 1.3282866220489627449e+05
 9.6225792836259491742e+06
 1.3902820408374720719e+06
-8.0473930500426590443e+06
-3.5019958302617469599e+03
-5.4516164206168577075e+06
 6.2094932714283886719e+11
 2.8972173400883632898e+08
 8.8142440170424270630e+09
-7.7986179004930681913e+02
 1.5178486862065230000e+15
-4.3126519348071543500e+06
-2.5491553448307666016e+12
 6.3343623222896945663e+04
 4.7202869516407740000e+15
-2.5887766951321077347e+08
