100  7.8945300850978779297e+12
-1.6584701898479476929e+10
 4.2026927699381951243e+05
 1.8053285983211395660e+01
 6.2158111059114971161e+09
 3.4846408324043927074e+00
-1.5793723623527958989e+05
 1.0414406653342191130e+06
-3.2289499480595417321e+07
 2.8877079874607112231e+00
-6.1906499076144037019e+00
 8.5557655804536848068e+09
 2.3994981476501369476e+09
-1.0775582535823457874e+04
-7.8029801016280393600e+09
 2.4740448547744736075e+07
-2.5061196943251085045e+00
 1.8102686599162609582e+02
 3.1657713353334213480e+02
-7.2264706969835779127e-01
 9.6392798345008087158e+10
-1.2809919328874093480e+04
-1.1559503999839689583e+07
 2.5462904021028006077e+08
 5.2806077800351136631e-01
-3.7910337042781291530e+05
 3.8169857308587097577e+02
 7.9033075708819069405e+01
 4.2364076851593072206e+03
-8.6353933297351886722e+01
-1.0378478703270899132e+06
-1.8219010277192708105e+07
 2.4740198957463562012e+10
 1.1643483909097017720e+07
-1.3837502034084284306e+08
 3.3911269834590107203e+06
-3.9079200361298630014e+06
-1.2350511719889822416e+05
-2.2062565084620580080e+01
-8.4908067821569776535e+09
-2.7311211484276652336e+08
-1.8694899847579385721e+01
 1.7441708776433699768e+00
 1.6076222163808075711e+06
 1.2720990129327932739e+11
-8.6015751952244490385e+06
-1.3807654956182563305e+09
-1.8302999683187007904e+06
 9.7827430498957519531e+10
 6.8677626074931607582e+05
-2.2156120045791256416e+04
-2.4889186875763389253e+03
-1.0918710010401185303e+12
 6.0125119407172827148e+11
 5.0408416886220512390e+09
 3.1959974698306923280e+00
-2.7824359534666269766e+00
-2.8520512775424011230e+10
 2.6845224004283323884e+06
 1.0076619326146766980e+04
 1.1173292594628469487e+03
 1.4964261373706723633e+12
-6.4890162306080810595e+01
 3.4588822732532047667e+04
-7.6258712713036611603e+03
-2.3870325152160951632e+00
-4.0479452249175633369e+03
 8.5670352622892824002e+02
-2.0648088256392569747e+04
 2.4522133551977811294e+04
 6.8608475753401876318e-01
-3.4826626847877185059e+11
-2.6642708364723902196e+05
-6.1769419644309533760e+05
 3.2498773125627558045e+00
 1.0227607838218014687e+07
 2.0074085150048799813e+07
 1.7432202799303975205e-01
 1.5864458104317213838e+02
-1.7317185674664275721e+06
-1.8185216021245832962e+02
 2.4957202274564847350e+08
-4.2586049298463091850e+09
 6.1303523165645360947e+07
 2.0367768953267737508e+00
 5.9446560086626121233e-01
-2.2785992528816754188e+00
 8.2284727143753013611e+09
-2.3128040320726968348e+06
 4.1481427744971526295e+00
 4.8694336276317238808e+08
-9.8446321956295800781e+11
-4.3481106136317212076e+03
-4.5310033028354388307e+02
 1.5789234659710330963e+10
 4.6284333474618077278e+08
 3.2188596196698808670e+08
-1.5507329454805826572e+03
 2.9463578608131920919e+06
 1.3946836513228625059e+08
 9.0654420361137488804e-01
