100  9.1945055539077296853e+06
 1.4035218097425626183e+04
 3.1013512165154066835e-01
-1.0212982447470799343e+03
-6.2368702484968127919e+02
-1.1930561041840809366e+02
 2.1803967234424618482e+01
-8.3796248799695604248e+03
-1.3500691683648404773e+00
-1.5443575498253949263e+01
-1.9596033467704663053e+05
-1.6618853905445041264e+00
 2.4013559633461028398e+01
-4.0275618201159701925e+00
-7.2768718845274946716e+01
 8.8361610906566755148e+04
 3.4727080403546051457e+02
-8.6905111319014511537e+04
 2.5534984112296513104e+01
 4.1759981264455011114e+04
-5.2510303060564110638e+03
-4.0927723816189673016e+03
-9.2116820878251928661e+02
-3.7125315126586758652e+02
-6.9198049706397171121e+00
 5.1000472735459423390e-01
-1.3307561285668035111e+02
 1.2890309076412813738e+04
 1.0644650890858290637e+01
-1.6110928212998621802e+03
 1.2243161559779932759e+03
 2.6354235672386776059e+03
 9.8655553544067937764e+04
-2.0191942375473370674e+00
 1.5107141223890594119e+04
-2.7847754174174595391e+05
 7.1557404796513580436e+01
-3.0487376050280490247e+00
-8.5483726491905223099e+00
-7.3757247426688249107e+04
-1.5545601870904747557e+03
 5.0741573636586771556e+01
-5.0341293003815756890e+00
 8.6553773362778514411e+00
-3.8221176445140270239e-01
-9.3406830370686316201e+02
 6.3746110937674297020e+04
 1.3120353362174947964e+00
 2.9919516496116749238e-01
 7.2835837252809957135e+04
-7.8012995360067227679e-02
 1.9861900400666633004e+02
-2.5857039497942702155e+02
-1.3580728910847412862e+03
-1.2747597806615463014e+03
-7.3239159188592399005e+04
-2.9134052491382604444e+01
 6.9991791472600051202e+05
-1.2820408608307962695e+00
-9.4534193776604261075e+03
 2.1063884255735727535e+00
-1.3280954080272220352e+00
 1.2556389178961834929e+01
-3.2239241648110146343e+03
-7.6150843880276468667e+00
 4.2095920755718223518e+04
-1.7678257148097526397e+02
 4.9674454301142745294e-01
 2.6854267710557061946e+04
 8.1934146445594014949e+03
-5.5593913029630584788e+03
 6.7238059848487318959e+04
-2.3899509071876167354e+01
-6.6658571885535566253e+03
 6.6841867451655168075e-01
-8.4930085854177406191e+00
 5.0788922758898697793e+03
 2.1540563439010751608e+04
-2.4725678684532873319e+01
-1.9025522604908335325e+03
 3.4477140648456461314e+00
 2.5367536972316200263e+04
 5.1997877094201882642e+01
-1.8505870846048792373e+03
-3.9447622126997157466e+04
-2.2090295939655902657e+02
-2.0505134252625319641e+05
 5.0700481454044827842e+04
-1.4258787676369635733e+01
 9.2413711386062641395e+02
 2.8208004665735142424e-02
-1.5219567177482909756e+04
 5.3320575771721046010e-01
 1.4883513549342453189e+04
 4.0848289383392971104e+03
-3.5897442251196497818e+05
 7.3460025792600390560e+01
-2.9091561780841610485e+00
 4.5281129644995417038e+01
 5.3928861912544789448e+02
 4.6031633200804626540e+03
