100  1.8294057642012785000e+15
-8.2504806305956665892e+05
 5.4098542438124120235e+06
-2.4892106965412494901e+02
-3.2853407696017875671e+09
 8.2511174022505342960e+07
 4.3036919527444218750e+13
-5.2240900779759225081e-01
-7.5492307594335032627e+06
 3.6159460856853713989e+09
 2.4566089419334875488e+11
 1.5218570235301835055e+04
 1.1376306433610936963e+01
 4.9171784375838607550e+07
-2.2722857719704878400e+05
 9.6421588663356445312e+11
-7.8363387079294843929e-01
 1.4867732725713061523e+12
 4.3649789974532732740e+06
 1.6212427513147918035e+02
 3.4372141655778360367e+08
 1.0221822728444988024e+05
 3.0248586780186938477e+12
-2.9541406554155120850e+09
-1.5015503762518423828e+13
 2.9791712111449179190e+01
 2.1612129378933509827e+10
-7.8192805000597611070e+05
-9.5377845085702517736e+01
-1.1015274640769958496e+08
-5.4214721084689692532e+01
-7.3069024687903765880e+02
-6.0477801657716154295e+03
-7.0525000493909545898e+11
 2.4113291356707495451e+08
-9.8861597825431875000e+13
 2.7433418484699330293e+05
 9.9483035321323986864e+03
-1.8049081383340737084e-01
-4.3215294756816950000e+14
 5.5759958881461537500e+14
-2.2694272265871019363e+09
-3.4043208571450820312e+12
-2.5330629263516345215e+11
 1.0277156124434060059e+12
-4.5547795123985187500e+13
 1.4023501972667907830e+05
 9.4247603520604667664e+09
-5.2202321778056213379e+10
 5.6211791515098972013e+04
 1.0042036322545637006e+02
-9.2821402241411554712e-01
 3.1150570904120110208e+05
 1.6284690958696323395e+10
-3.6855114466686479747e+07
-6.5165268669860771179e+10
 5.1160031703616842628e+07
 1.7413183951127386093e+08
-5.1726505946037710938e+13
 3.3542126465073466301e+07
-4.3726588044187240601e+09
-7.0792381481742315292e+09
-4.2944850964800034276e+00
 1.2927345187473914027e+08
-2.2015102382124878204e+03
-1.2770970362816166878e+08
-2.2065919666637916816e+05
-4.7313838652417427966e+02
 9.7382461327580234375e+12
 2.5086485305958297104e+06
-1.7791474765713755914e+04
 2.6611394940084501286e+04
 3.6726201684348639101e+06
-8.9247323454844561638e+04
 1.3207260301730992188e+13
-1.6826502613681435585e+07
-3.9606057203077652957e+04
-7.9767305478628273010e+09
 1.0160370455142363281e+12
 2.0063640920496669423e+04
-4.4348590653649723530e+08
 6.1429654372768938541e+07
 5.1046246870364550781e+11
-4.6932727051557051823e+01
-1.0437554567901421443e+00
 2.0774065682023263071e+05
 1.3638102629097691406e+13
 2.2111618370095393402e+03
 5.4909901506563940643e-01
 9.1423320715183990615e+01
-7.3704896794466735840e+11
-4.6306699434550726414e+08
 3.6343373326501246083e+03
-8.9683283990180701949e+05
-2.3617005199100965740e+01
 5.4367134067505077155e+01
-1.2640998027167604789e+00
 3.0031458042524130859e+12
-3.0826319061110174656e+08
 1.9444509665827075951e+06
-1.1247011156103681773e+07
