100  7.7714863055224380000e+15
-1.0786917866202668392e+02
 1.8253915512570135498e+11
-4.0471660443341608047e+09
 2.2897643369042865932e+07
 4.2405118576608612784e+04
-8.0882590494790792465e+07
-1.3002417120370088810e+02
 9.2632051456383671875e+12
 6.8727106404476463795e+06
 9.3231250012501031160e+06
-8.1135804081787565867e-01
-6.9654526663254601182e-01
 9.6123639275242574513e+04
-1.7102032416643083934e+01
-1.6954711589368030218e+03
-6.0008594246706808917e+05
-9.1958926753136574916e+02
-1.0155939983103462219e+11
-5.1808914429271362678e+02
 8.0238702505685068900e+00
 1.3321607681017582081e+01
-4.8782866740759871900e+06
-2.8132386871884687500e+12
-1.8206921932244464111e+11
-5.0109331559080676270e+11
 1.1511750474436943359e+12
 4.6292885198096036911e+07
-3.6010550848517527811e+02
 7.7578651037180900574e+09
-2.5240568222309947011e+00
-5.5287936317167236328e+11
 3.2930214332439819336e+11
-1.0134627623287081718e+07
-9.4986409939476463478e+04
-1.3050796852080337703e+05
 3.9648398566082696561e+03
-4.2976938303138055630e+01
 2.0168316927541079053e+02
-3.7583052607844262500e+14
-3.7756142889206872559e+11
 8.7150728710251464844e+10
 4.8344676966777964111e+00
 5.5226580011954637500e+14
 1.5180566020492794923e+06
 7.9979790713921937500e+13
 2.3179515653569893837e+09
-3.2703377838308744431e+09
-3.7958371630908129737e+05
 8.5915129453946108697e+04
-1.6497922521351715552e-01
 9.0249376428965479136e+02
 2.9223133008305048861e+03
 1.6629500624754189175e+02
 5.3180010611623007812e+12
 1.6344598079141064453e+12
 1.2458843794459506226e+11
 2.3037804821804858744e+07
-5.2105733901310005188e+09
-4.1210584326501325704e+06
-1.0438684668430536107e+01
-1.4024398059436582464e+00
-5.3699454093741951510e+02
 9.2321304152345703125e+12
 5.2899347877769599791e+01
-2.2243386188501079737e+00
 5.2955879426402633544e+05
 5.0162671121520080566e+11
-6.3816085231136511879e+01
-1.2297876433230333030e+08
 4.0749166024321077373e+00
 6.0032974801823215485e+09
 2.3215437508848800974e+01
 9.4847569860085844994e+07
 2.1993129884406984375e+13
-4.5422955782037037500e+14
 3.6420346908943125000e+13
-1.3232915949336113408e+05
 4.3832939128423389047e+05
-2.0170253383582311869e+08
-1.4231705003269785266e+03
-2.4828540161168029785e+11
 1.7200617084424423218e+10
 4.4875550081683642578e+11
-1.0924513533196563367e+05
 2.7955837335352445312e+13
-1.7010410598043495156e+03
-7.1403539666725100687e+03
-1.6796561648711974613e+03
-3.6600218759756296875e+13
 5.8069409867354925000e+14
 2.3812576335251678467e+10
-5.1699243717497460938e+11
 3.3045868960486302512e+01
-1.5077501367888504546e+02
-1.0125266177990183234e+07
 6.1611013737059038249e+03
 2.0868383512392539997e+06
-4.6642157807598643750e+14
 8.7726239713384024799e+05
 1.0749285292422507812e+13
