100  4.5371260677196063995e+09
 1.9263107474635313265e+06
-4.0924886170671680929e+02
 3.4853987686609187335e+01
 3.4435386216404722290e+03
 7.3707144210434686393e+06
-1.3871575881991941060e+04
 1.6670593453983030940e+02
-8.9998325161088141613e+03
 5.0999971968162310077e+04
 3.2539516684567369521e+05
 3.0744740378420674801e+08
 3.0758710080515164882e+06
-1.3323940682025778415e+01
-1.0280457470344003923e+01
 9.9271296753193408251e+07
-1.0391656830306527581e+02
-6.2886126841542463239e+01
 2.9832448673028588295e+07
-1.0996864239591729711e+05
 5.8421249416664727032e+07
-1.6086185036332132370e+00
-4.3408672575250893831e+08
-2.5025830574323908451e+00
 6.1845707317246706225e+01
 2.3327763071448644041e+04
-8.6746525620299580623e+03
-6.5035131481791138649e+06
 3.3409784047142142072e+02
 3.9429450512594863772e+07
-2.0295675791699616238e+06
 1.9054432078098926695e+01
-1.5619254088850753382e+07
 1.8216706530416703224e+08
 9.8758037672701268457e+05
 7.6950980284809520526e+02
-7.3126092794186890125e+07
-3.2258658805284025148e+06
-4.8252106569882314652e+06
-4.7732467115809922689e+03
 9.2340572873715473179e+02
-2.1184129472331851721e+07
 1.2734941304822111618e+01
 9.5724929531186282635e+08
 2.3193386012416525045e+05
-1.8395517346933559111e+01
-1.1733928804437301005e+05
 1.9568493443323188785e+02
-1.8156148234327971935e+08
 4.4146188986883789767e+04
 1.3372658442059764639e+04
-6.2207353478987549522e+01
 2.7678389682742108562e+03
-2.5889538469540439546e+07
-1.1790759181019129755e+04
-7.7247370540484064259e+05
 4.3542496909296009107e+04
 2.9914613223051852401e+04
-7.0853707412584405392e+06
-5.0690285503028891981e+06
-3.3122782087405333584e-01
-4.4183962344470164680e+04
 2.3214900610552824389e+00
 6.9504572244824725203e+04
-6.3660843628891683466e-02
-3.0950851234669336520e+00
 1.8055758700702375174e+08
-2.9365497015210362264e-01
 1.9457119362966599496e+00
 1.1656847535607930273e+07
 5.8411597237091802526e+04
-1.6240860295441210270e+08
 8.0034349270534614334e+04
-4.1448784366188764572e+07
-1.1744381867832820415e+09
-6.8730673374290685018e-01
 8.5489031982806636734e+01
-5.2188503250158069235e+00
-1.6588542419990034205e+02
 5.3269122886825280148e+03
 7.9896521447504460812e+06
 8.5556444063789854226e+01
-4.3396074483538058075e+01
 1.5761288262814855443e+02
 5.7622613807095795870e+07
 2.7483409913958567472e+01
-2.0481200369257570060e+02
-1.6739075525367635322e+01
 5.7456560319022653857e+04
 1.6748718522689241171e+08
-3.9130210990869622734e+00
 1.7240928541243047221e+03
-1.3712451629056522506e+03
-1.5973986588630243205e+04
 7.2255081067864090204e+07
-1.3775394779668288265e+03
 3.1494005042702555656e+06
-3.6807346686874747276e+07
-2.9842684491400388652e+04
 8.4360900538955852389e+06
-9.2685297737940563820e+05
