100  8.9899059416863165097e+03
 3.2690084698758266768e+02
-3.5112747675281070769e+02
-3.6167686607129581944e+02
 2.2862845103888599851e+02
-1.5049179673258049661e+02
 9.4243760539846732627e-01
-8.2851693569968958286e+00
-1.1498550247692504556e+01
-3.1844516906484088281e+00
 3.5492151556960202186e+01
 5.3094610668670094711e-01
 5.2908109046529983033e-02
 2.5906908465948843556e+00
-1.5231669317059299829e+01
 1.6395780653486824008e+01
-3.7148336167269690122e+01
 3.3869899262478270430e+01
-8.4909369369690690377e-01
-8.8537284817074777266e+00
-8.2986090395480601956e+01
-4.9940084570873125358e+01
-1.4065623809502949548e+00
 1.3152783973873056311e+01
 7.6334397415717381019e-01
 2.5469788310281450094e+02
-3.6667479531942674953e+00
 1.1627830351440820777e+02
-1.0776363806585840166e+02
 8.0608070043689217243e-01
-1.6650898450105826587e+00
-2.2123486705208150749e-01
-1.8884267228264484118e-01
 5.7939114588580105192e+02
 3.4619764351958686177e+00
-6.9558985958150576501e-01
 7.2120975892545899910e+00
-4.7019874184631627045e-01
 1.8415970847594330451e+01
-2.4980424997406123211e+00
-1.9864989622489059862e+00
-1.6741120382969767455e+00
 3.0159390756131642775e+02
-2.1859740614090352295e+01
 3.7599255797571862558e+02
-1.0733819730881924670e+02
-1.4056594943538954112e+01
 1.0611626238667230382e+02
-5.4244014795928237049e+00
-3.7885331465228766490e+00
 1.1322865557798991176e+01
 3.6199516799213615759e-01
 4.5355243812362596145e+02
 8.2404065147463956276e-01
 3.8119613082519450131e+01
-9.6771389749284253412e-01
-1.4449413143520894209e+02
 1.1260108232722696897e+01
-4.6800068970552854353e+02
 9.2441799713163774754e+00
-4.2486531852537474663e+00
 6.6676163273687016897e-01
-2.2817312585407165670e+00
 8.1508863116752650058e-02
 2.9127883481555068101e+02
 1.5566835189427417063e+00
-1.2113945916183319618e+00
 1.0625454308442465390e+02
 5.8358596370087667538e-01
 1.4614858281688555053e+02
 1.5644014243127757346e+00
-6.7148216565377483178e+00
-2.2919558842629159656e+00
-6.6858493987899336730e+00
 2.3856042014729786160e+02
-1.8529717005762853432e+02
-2.0743073334512649808e+02
 9.8289352919568813149e+00
 1.3741223415904391914e+02
-1.2691847520528784798e+02
-3.5407026214255893137e+01
-4.0331264839163146974e+01
-1.1552051675364059520e+03
 6.4180509815791651818e+01
 4.3607613711031767423e+00
-2.4622023093007626926e+01
-2.7600104264059979187e+01
 3.2011976126170114121e+00
-7.9324354672132244559e+00
-1.1265463506802237958e+01
 5.0241836681668794462e-01
-2.1825608039292390572e+01
-2.7580879387181056472e+00
-5.7217372147257833603e+01
 1.2377937025342930610e+02
-2.6205552464464096829e+02
 2.3896027166228837046e+00
 1.5340185305522433978e+01
 5.3870617024746110246e+01
 3.7181006744589595314e+00
 4.5647150323850240738e+00
