100  4.3050231329552211914e+12
-2.3593767505109558105e+09
-2.6030936822641193018e-01
 6.4347857398154587827e+02
-3.5976873984625363789e+00
 1.4800768075884237289e+09
-1.7341211993909826279e+09
 1.4844920832507352770e+02
 1.3638690623413617723e+06
 1.0229513710835340316e+05
-1.5043031698108872661e+04
-3.9280343036232166924e+04
 2.7698825938636719002e+02
 1.3278406163331088464e+04
 1.0064883413917146301e+11
-6.8392105619436767938e+02
 8.6023814312214106321e+06
 4.2891773009595414624e+05
-7.3284595703446825610e+02
 1.1702777371678974152e+10
 1.5668593741787832230e+07
 2.0728214710946753621e+06
-3.9685197556909185369e+05
-2.2436696603361898451e+05
-4.9260101294227963081e+04
 3.3919637161102560441e+00
-6.4589992224203513160e+01
-2.9967702358698731224e+00
 7.5378410538531035185e+07
 6.0724435835091064453e+11
 3.1007402918561744690e+09
 9.6063374174403026700e+04
-4.7351502222933456302e+07
 2.9248738173115780228e+03
 1.0365143272588619450e+00
 8.1993886605706014633e+09
 5.4972654055663294770e-01
 1.9860793686427101079e+01
-1.0083620431892159104e+04
-4.3249558124502343048e+01
-9.3453621050826239586e+08
 1.8800401869726538280e+03
-1.0672869850131044388e+09
 2.5306812269707873464e+07
 4.0673696555530273438e+10
 5.0348843829446506500e+08
-3.9159096540315002441e+11
-1.4227059219743729557e+00
-9.5006799384918352303e+00
 3.1961705735269463347e+00
 1.9795990007710212376e+05
-1.4309080728751184082e+11
-2.7299623203549026584e+02
-1.1110948428010165578e+00
 1.7288868122131119890e+04
 4.4831779782449430058e+03
 9.5591144900508493265e+02
 8.2878639638893556595e+08
 2.1572653682301789522e+08
-4.5670354631261566162e+10
 2.0159851495544393174e+02
 1.3903911615720593545e+04
-3.8849793864122591913e+05
 1.6750906477669195738e+02
 8.0517392688509821892e+06
-3.9243001817370556641e+11
 7.2387139469671106339e+08
 7.2278782598801385611e+06
 1.5034038732040353459e+00
 1.4985387886600285867e+01
-4.7793661714810684323e+07
 1.2389477297223728150e+07
-1.9199728903651770204e+07
 2.7366647595302579248e+03
-1.3931222283951159625e+04
 5.6161388686107959747e+09
-1.5891632116394203622e+06
-1.6396285153322553635e+10
-1.6608412691017494202e+10
 1.1337231276595592499e+08
 1.0831773394324418640e+11
 6.8907050626926450059e+06
 1.2925254182516027987e+08
 5.9667185274771350123e+02
 1.3773705546201757688e+00
-6.5692485150306112018e+01
-3.2816676680843252689e+05
 2.6842920474090510607e+08
 6.0286602818966865540e+08
-1.5825756892462650299e+10
-1.3703277226231147523e-01
 8.4997504626938659668e+10
 8.7046772718916682061e+05
-4.1893016893675128813e+04
-1.9899060017220434546e+08
-2.0483966652368218638e+05
-2.2500150763532466888e+09
 5.6671101437341384610e+00
 1.1402105394538375549e+02
 8.8706930143189701710e+00
 5.4742824684776153564e+10
