100  9.2786599140400867327e+03
 2.2577561645249218714e+01
-2.0326272116768673293e-01
 1.6490489691750775947e+00
 4.0233020823644210395e+02
-5.2819267558122815487e+00
-3.3335326292732490039e+00
 3.1359647118722136838e+01
 1.2916106387720514448e+01
-1.5810783205324061562e+00
-1.2788031581493592057e+03
-2.8704285132380160661e+00
-2.9733520081161422866e+01
-3.5990178338692500049e+00
 1.1761030921674138217e+00
 3.5137492332776560033e+01
-1.4795471567528586387e+00
 2.9959017030045096419e+01
-4.2958705479119547732e+00
 7.6454537059145593503e+01
-9.3714689138965496795e+00
-4.0682982851195356488e+02
 5.7588604516720760529e+00
 7.3877546571802383824e+02
-1.4324494374676128849e+00
-4.3430674259532125348e+01
-7.7650160457995891505e+00
-2.6347371717489217247e+01
-2.6296691040024832375e+01
 1.5736116477156002702e+02
-8.0915871521777432918e+01
 3.3652742557417116842e+00
 1.5870052080705523423e+00
 5.8502308625908403883e+02
-2.2899514230895746891e+01
-9.3477251463492166295e+01
-3.5263622530733300664e+01
-1.1450136467742026980e+00
 6.5368210718699266693e+00
 2.3990644790632813965e+02
-1.0365316829596102366e+02
-1.5910362927336444727e+02
 2.8063138768822147995e+02
-1.4274952919372598803e+00
 1.1206347173203710099e+01
 5.1063262262226967181e+00
-2.7614310074939872663e+01
 6.6242856288279483579e-01
 1.7478620533954565275e+00
-7.0405679571022439234e-01
-1.5233722594796321737e+00
-2.5472654611139063263e+01
-1.8674193102860265903e+00
 9.4129414167097724686e-01
-1.7278934005344217439e+02
 6.9384873290750562091e+01
-8.6435464593101229980e+00
 2.1417627188104859215e+01
 3.2357001243539880164e+00
-3.1002399712467778592e+00
 1.5970196811433851281e+01
 1.1943141071391707442e+00
-6.3316729287580164609e-01
 1.2390501599517983777e+02
 7.6510938938582473412e+00
 3.9501399140964488232e-01
-1.8710275378355552789e+02
-3.6072745936647564235e+01
-1.7678909879352243451e+01
-1.1678369778650190369e+02
 5.4114655321964564294e+00
 6.4105615346616584560e-01
-1.9881926527764409229e+02
-3.0436306039025105008e+00
 3.7636368792977933140e+01
-2.3239803178820375251e+02
-1.2743192113410418642e+02
-5.0381031737275430160e+00
 3.8635705732610539087e+00
 5.7983735846317324558e+02
 2.5926287205700262462e+00
-5.6652424649766999210e+01
-5.4311101262454053451e-01
-3.0670431399194153954e+01
-5.1590817840576477238e+00
-2.1062789463026039272e+00
 1.0876414831635835867e+02
 2.4337618688000509337e+02
 7.2082736959678967992e+00
 1.5665924461710773130e+01
 3.1142077148094074346e+01
-5.9600654903293612819e+00
-1.2135335291992280560e+01
 1.3736890976860252067e+00
 1.8409160846718193305e+00
 7.3040665252706169497e+00
-8.7691900266132472019e-01
-3.3789574334868802907e+02
 1.4490732419238456785e+00
 1.9601500456628869529e+01
 5.3698584398943047802e+00
