100  5.6141062612057132721e+09
-2.3038692810768475756e+06
 2.0957961283833213151e+07
-2.6021731840735231526e+06
-7.9663714739711271250e+04
-5.4515593356714824040e+04
-2.0241698518445302034e+05
-2.4466805083336387179e+05
-1.9664449273208975792e+06
 4.1434731685690009594e+08
-2.9614318178317771526e+03
-8.2010688811612988047e+02
 1.3118222605285063764e+04
 9.0661503605784308165e+06
 2.9484170772144716466e+02
-3.3752627472200977802e+08
-5.4933122291585800667e+02
-2.7573420081170034409e+08
-1.1580667645589823422e+01
-7.7601492744492960628e+05
-4.0042041830110168085e+06
 2.3263346831744784140e+04
 3.5862222817636907101e+07
 5.6470985492194269995e+00
-3.7177034102593588614e+03
 5.9939019985227733850e+07
 5.6931950021867774427e+07
 2.2239895064185724038e+00
 1.1945032073570338582e-01
-1.1822466003951396488e+04
-1.1375460691916325917e+00
-2.1693687411629566923e+06
 1.7766926913548672928e+03
 5.7220374485300490051e+03
 2.7726960232966425792e+03
-2.2854148050287858496e+02
-1.9390845010514865407e+03
-3.0480973188019180498e+02
-1.5295291074497840600e+05
-4.4866533306977572693e+01
-1.6348204013886888788e+03
-9.8189260591310419841e+04
-2.5641870901730094105e+07
 1.1902220773084825277e+08
 3.8113758586021210067e+05
-6.5874122209154176712e+08
-3.3566615806837027947e+01
-3.6844941032535894010e+03
 3.2007668906655983854e-01
 2.2363409269075188786e+05
-1.6519124379738960415e+06
-7.9507622589497411251e+08
-5.2380269475230399985e+05
 5.0137047774473178387e+08
 9.0477759903721421963e-01
 1.8034041950445361435e+06
-2.3698768959791149944e+07
-3.5223078679319694638e+07
 2.0638136714356619450e+01
-6.2018242588867205995e+03
 7.4091923586619031994e+02
 1.2766063063146177115e+01
 3.5503968375198667218e+01
 4.4030174037342271731e+02
 6.8543130706658189411e+01
 3.5810581634963889464e-01
-3.1095099131251495237e+03
 1.3390097076801834628e+06
-3.8666307633525517303e+04
-5.7859382018888463790e+03
 8.1019328495333752471e+01
 5.9258953846134439111e+07
-4.3507922471747534132e+01
-9.4982254471636210269e+01
 8.2879741769392251968e+08
-7.3392920664968453348e+06
-4.6516519211218405871e+02
-4.4283202023919375279e+02
 1.6392649382420200855e+06
 8.1266354174711796787e-01
 1.8649248593295037608e+03
 1.7787934678452769294e+06
-1.8421345444625504315e+07
 1.8284195128345549107e+07
 1.6018428163985500845e+00
 8.3070267723496425897e+06
 7.5008432341739172955e-01
 2.2851370629661448675e+02
-5.1454377785404687984e+01
 1.3197379406387591735e+07
-4.4135112730833470821e+07
-1.5568686746638607588e+02
 1.4132340050495924011e+00
-1.5505814137705440316e+03
 3.0918662702095163986e+06
 1.3760908985977992415e+05
-1.3685322087544589303e+06
-9.3863742854046492425e+00
-8.5572002858431695495e+05
 8.4859809170938611031e+07
 2.8910062278072728077e+04
