100  8.6123150511804828877e+20
-3.2147109695625100000e+14
-8.8391667335151927546e+05
 4.3751394544527812500e+13
 4.0963627250422645000e+15
-1.8499101606335565000e+15
 1.0766262070042854548e+08
 8.0978293619392320000e+15
 7.9318674933242982661e+02
 2.0030982618173073462e+01
 6.9662824648454833031e+08
 4.9509124090526259200e+17
-3.6721055128835681826e+06
 5.9887318855368737131e+06
-2.6159096136232884601e+06
 1.8763629562355691520e+19
 3.3230804002792844800e+17
 6.7794721966719140000e+15
-3.5952078476811852306e+06
-3.4549094066074248488e+00
-1.0761389594547817978e+03
 2.6855799320842765155e+04
-1.2458592266448647035e+00
 2.5711311441113900800e+17
-2.5434509870123815745e+03
-2.0457902824728906250e+11
-1.6295134657181297371e+04
-3.6657088156843823104e+19
-1.1678251407378215790e+10
-1.1435298821248861694e+11
-6.7228629531111900000e+15
 7.4237858997280800343e+08
-9.4036141641175643921e+10
-8.0767755516369514465e+09
 5.1929365576008684002e+04
-1.0596245003510520458e+09
 2.5342441985841462156e+04
 2.6034522174292824275e+03
-3.0722367002487480164e+10
-3.8940027277317112997e-01
-6.6075860296687078476e+08
-4.6501094045261113600e+17
-4.5712337249662912000e+16
 3.8040741118586064000e+16
-1.2615005391410646875e+14
-7.3963012880540190963e+04
 1.1997024185727492096e+19
-2.4800590204492368503e+05
-7.4725957629288632812e+12
-2.8575629875140537500e+14
 7.2772422974462880859e+12
-2.1087217623939875488e+12
 3.7269887499929254400e+17
 1.4728373179756032000e+16
 2.0441675702206717952e+19
 6.3151348992440551519e+06
 8.7852113274389509456e-01
-3.4211150553978150000e+14
-3.1128378031464862823e+08
 1.5234044677400130033e+08
-6.4789526342038460076e+07
 4.6793431709113476562e+11
-3.3587846675303865140e+01
 1.4947051603896734377e+03
-8.7385912385159075000e+14
-1.2195064079929199219e+11
-1.7020843828783046875e+12
-3.1700803897639425000e+14
 2.1831736824763638651e+03
-1.7841701016364679168e+19
 1.2622728388987793587e+06
-2.4432204557574124192e+05
-1.5167819737459753600e+17
-1.1337009641929344000e+17
-5.5255413708878373669e+00
 7.8598147556764125824e+07
-2.7361659959056250000e+13
 5.7878520872274130583e+07
-7.7360743248020291674e+00
 4.5983817930688737500e+14
 5.0568230292833120000e+15
 8.6481056689117343750e+12
-2.7460046914451709017e+05
-5.6568007426341394043e+11
-3.0249030784514980041e+03
-5.5450189012695296000e+17
 4.3124931283245465600e+17
 2.8829944872206076980e+06
-1.7461705277214787202e+02
-1.6811887620925575256e+10
 3.7008105487228881714e+00
-1.7812038465714624023e+11
 2.4741874464671897888e+10
-6.5466179702244618240e+18
 2.5155115745043365888e+19
 8.3148619251631228253e+06
 5.8150236608449517917e+01
 3.7376241964627070427e+09
-1.5982349862668706919e+03
-1.5936665665850306560e+19
-1.1912544195101622790e+02
