100  3.5980451409872322560e+18
-2.3172425331067256629e+07
-4.3442855959322195053e+09
 8.7323012717008190155e+09
-6.5569855156998585244e+01
-4.0677493066410086400e+17
 9.2948832347402203595e+04
 8.5573271169828300476e+09
 6.8499354281552725000e+14
 4.9781654691203186035e+11
 2.3526004593466178894e+10
 2.4289842576590771200e+17
-1.7230291637403262500e+15
-4.5559638769171619788e+05
 6.3746346724362988281e+11
-1.2611784989913441241e+06
 2.4413144770944112949e+00
 6.1955716725381650031e+05
 1.1527805941049731337e+05
 2.3079050349454570096e+04
-2.1581330771563274062e+00
 5.3158202683552742400e+17
-1.2382304191562615234e+13
 1.7024900339850566056e+00
 1.7739833350952909541e+02
 1.3792053347195552000e+16
 2.3163807106903945923e+10
-2.1759912327256903052e+08
-3.9985139733588107447e+03
 2.9486543236947497353e+06
 2.5217256789281080000e+15
 8.1957875780510075856e+04
-9.8594474072458600998e+08
-1.5691888482616166584e+05
-1.9983319863539123617e+04
-3.6425625834783970092e+00
 8.8561244969540643692e+08
 1.8659814954554545879e+09
 1.1859255413110903464e+05
 2.7239420123444840312e+07
-3.1464021709841172303e-01
-9.8264990186572265625e+13
 2.4496349940525283273e+03
 1.9628000603802871704e+10
-4.2838385272638505000e+15
-2.6558085262736968994e+09
-1.1554472642519203873e+04
-1.2931008096872549373e+01
-5.3064571763293882832e+06
-1.9978831774462435078e+01
-1.3367620669614705257e+06
 2.1082392006375761032e+09
 5.8275489123308900000e+14
-1.6850561369414606094e+09
-5.3872206163527723402e+05
 6.6904237396621192602e+02
 3.1322143053343124390e+10
-8.0834344428474212646e+10
-2.7338448904569094400e+17
-7.0813273496081710618e+03
-3.5912980999367797852e+11
 3.0777067748291570312e+13
 1.8475584871306054688e+12
-1.4334809774793997407e+07
-1.2238583714992672205e+08
 1.4250034448957116800e+17
-1.3522839485203581862e+06
-1.4043452085253017578e+12
-1.1335032482923738281e+13
-6.9130826113434837500e+14
 1.3169024640924650000e+14
-9.0510627439315261841e+09
-5.7603689720285126953e+12
-2.1678151440097133218e+02
 8.2772652064859748577e+00
 1.1993773048585305787e+03
-2.1018735765849077148e+12
 5.9812013666972965002e+07
-4.1461938742624878883e+07
 4.7839718669301452637e+11
 1.2151591786770355000e+15
-3.4743690267547725000e+14
 7.0919311113669189453e+10
 5.4986502751160440000e+15
-7.4369253576518272000e+16
 9.4209231400065504000e+16
 3.4811166107388103796e+01
 3.9123382873417504000e+16
 1.3338264291726243496e+08
 3.1318750082696324219e+13
-9.2227104260676515625e+13
 5.9360793320233898926e+11
-2.5038593160346972000e+16
 3.8603409506969988346e+07
-2.8845168609438336000e+17
 1.6278887303994400427e+06
-4.7972606948191569245e+03
 4.3821342094659975000e+14
 4.3506981378167609375e+13
 3.2610911011134851724e+06
-3.4844690219489596784e+07
