100  1.2189659852028770769e+32
 3.3222474950731815000e+15
 1.2163549525180584965e+02
-1.6368492579495219630e+00
 1.3065245644682531357e+09
-2.2197668701410362701e+04
 5.2494990407466455040e+18
-2.7669828081212672000e+18
 4.6405190193457661623e+27
 5.9807882204920947977e-01
-1.8551957501169056632e+06
-1.2410932008621070400e+17
-5.1782634458635859375e+12
 3.1577880971287125000e+14
-4.4861863343314490749e+02
 3.0512567857886509159e+01
-6.3966617113064552307e+10
 3.4109531870884384224e+28
-3.3751952626394149847e+06
 1.2367363529623479843e+09
-8.8570541324651392642e+04
 1.1663825812698236285e+24
-1.2486651395685607486e+23
 1.2602656471562365541e+23
-1.2814323344261026000e+16
 2.6747390963476707458e+10
-6.0624230348361804762e+25
 7.6373700073239558783e-01
-8.9114110145201778412e+08
-2.4743520510961502790e+08
-1.7950064411543759334e+28
 3.8254406967460069376e+19
-5.4429346475802419200e+17
 1.6396465935206447284e+03
 2.1182682371776093750e+12
 1.5076783719124685940e+25
 9.2795363928241207941e+27
 2.7914930328273156250e+13
-2.9614091902501653089e+27
-3.0227587013810660000e+16
-2.2646951379448447266e+12
 4.6359937836098743074e+29
 5.4938150427370304000e+17
 2.7036234649650001526e+08
 1.3389483405030040011e+22
-2.5780787787591936649e+04
-3.1310825884763708496e+11
-2.8498210918927145485e+02
 8.2767136114565368652e+10
 7.5366875113843418658e+06
-7.7690270034656755161e+05
 3.3310095462987170008e+31
-2.2256825683203094482e+10
 2.8376052050862668775e+22
-1.0608714520351562500e+13
 4.4372639657089790255e+26
-4.2202952682429814407e+23
 2.0326227526249753020e+28
-5.9293748325538731849e+28
-1.4256816649046498540e+31
 2.5629993259120001312e+03
-1.1777390791419024000e+16
-1.4552250907270013164e+27
-7.0554458375904754639e+10
 1.2046289014284474886e+25
 4.0993637189621170176e+19
-4.9064956933900507812e+13
-2.6358186135226356838e+24
-3.0703848993552197266e+12
 2.7853748020692840219e+06
-2.9828904213848698880e+18
 1.6339566272582867867e+01
-2.0212481978846429184e+20
-1.7219219240649126732e+03
 6.2380535576392358078e+25
 2.9003279741393409279e+27
-4.4650688088427811861e+07
 1.7786155762687840092e+21
 2.8782205138738341630e+06
-3.0628047829154635186e+22
-1.7637120637657017667e+30
-5.5385900127963263206e+29
-1.6773029023376230000e+15
-3.0680194108415859375e+12
 1.0890896232268134750e+27
-4.2031463261715480959e+24
-1.8691232487364817239e+00
-1.8084857105164937832e+31
 7.2836029946182083052e+29
-8.2300015397365833633e+05
 8.0146620565478300000e+15
 5.8225270698624620000e+15
 1.7770697407813552688e+29
-1.4998928622480490000e+15
-3.1276346610626320558e+24
-1.1668650515237399408e+28
 4.2192358415369671875e+13
-1.4921439445278980000e+15
 8.6987605826803273092e+23
-3.2823793242494535446e+09
 2.3021386237832984569e+24
