100  5.3854627429418519757e+20
 2.3856424069630100000e+15
 3.1659938094399287365e+04
 1.1844651379489839077e+08
-9.6640352504919433594e+10
-3.7542276316219687500e+12
 1.4528970063248750000e+14
 1.7557710463218716086e+03
 2.5209229563935605469e+12
-3.5546953499762983322e+09
-8.8019823358632584132e+02
 1.7530393167405281280e+18
 1.6341609115890081739e+04
 7.7575140799555525184e+07
 1.6130268487254460342e+06
 1.2544734607046796881e+00
 1.1013104978699125000e+14
-2.2159003041931108352e+19
-1.7517145903894954681e+10
-1.4002230433158547385e+02
-1.7475702112520861626e+09
 1.7225674754921397835e+04
 7.6451592549085438251e+07
 8.5148804070456069894e+04
 2.0086005847167615891e+09
 7.9824487594028830528e+07
-1.1510465777024605000e+15
-4.7606229761574976000e+17
 9.9962482666229950000e+14
-6.1427579291245117188e+10
 1.1795300368308043107e+06
 3.7008959986147241211e+11
 4.0191690065772878006e+05
 1.3516329039952717500e+15
 1.8468245984399528243e+05
 1.4888090414044766720e+18
 1.4660888071778688754e+04
-9.3416420888508922005e-01
-5.9556212678245544434e+08
 5.2703827853877201676e+07
 1.6556315770219134720e+02
-2.6918177425431188965e+00
-2.9542108314446839358e+04
-1.5540300690538656000e+17
-1.1942958593382249819e+05
 3.7266728818885335922e+09
 1.1975052063782461440e+19
-4.4286653451389283873e+03
 6.2313289119718261063e+06
 6.4716254299063473940e+07
-9.0975450689243921079e+05
-1.4608056927407849580e+06
-4.7000126619247719646e+04
-3.7567525229008686543e+08
-2.5101692183857431928e+02
-1.9443342040796477440e+18
 3.0742855481077401691e+02
-4.5174567964730672000e+16
 2.1593233923910302110e+03
-1.7622069176199581696e+19
 9.6186027552012928000e+16
 1.8015871300344605821e+00
-8.1851227144333069674e+00
 4.4051236445650260976e+01
 1.2630105569347775000e+14
 5.1960429875842519531e+12
-1.9975426233714976000e+16
 2.3086261937607555389e+09
 3.0096942350821416960e+18
-7.4195655840189976152e+05
-5.8028487660217462500e+14
-1.1061122574348375201e+07
-2.6441280724142730236e+07
-7.4246471653501287500e+14
-5.9948691392530246702e+00
-6.5448923865860653137e-01
-2.0583237623875696443e+00
-3.9609783274715040000e+16
 2.6628664309356150627e+09
-1.5588583826439321899e+11
 2.5737131462779109376e+19
 3.6855758403793096534e+01
 3.6594265494268718750e+13
 2.4494297331922283173e+09
-4.3789749852504301816e+05
-3.0162378978920742188e+13
 1.0775336713651508802e+00
-2.1893944226027099648e+05
 4.7094464570883233643e+11
 2.1579647907212195840e+18
-4.6953066162164619446e+10
 2.1946426139080114365e+09
 1.2870278361282294632e-01
 1.2894316922092341482e+00
-1.9308672311189514585e+05
-7.5730206297827642411e+06
-4.3017666777713658880e+18
 5.4288612000223616000e+17
-1.1031695073002412319e+09
-2.0567467559385640625e+13
-3.3035195159010447562e+07
