100  4.6595424080915806205e+28
-9.1982419535823146362e+02
-9.3834436822925679002e+21
-3.0143265583945876074e+01
-1.0267580726232261658e+11
-4.8498644069407784960e+20
 4.3037971613208432640e+18
-2.1209439972879106445e+12
-3.1469762024932576000e+16
-1.1136505990816616960e+18
 1.3924797576300326562e+14
-1.5605091603220042193e+24
-1.8997098319365854140e+26
-6.8067705358723083496e+10
 2.9187713479410700800e+17
 4.2673542304043110400e+18
 3.6058204595677721600e+17
 5.4009938994937168900e+04
-1.3023216290984573438e+14
-3.9280008686878386470e+02
-3.0645118296758198272e+19
-3.4720785343427962744e+01
 6.2839087028886000000e+14
 1.3011111578085317612e+09
 1.0249550000974171875e+13
 1.8930381171240846887e+26
 7.4856871911839989480e+04
-3.5707111486189132000e+27
 3.2205963311837976986e+21
 2.4688892603207180288e+19
 3.4830806956417314980e+21
 2.1490837522569822613e+05
 3.4017664889902742897e+21
 8.3939255160063476562e+10
-8.9236744739868256000e+16
 6.8153950120049960938e+12
-1.0636738971614819490e+23
 2.1608523223086101562e+13
 9.5348110016896360321e+04
 1.8878842486486975296e+25
 5.8410513455194140988e+03
 1.4422307499285652344e+13
 4.3676560284702740000e+15
-1.7728560190681028366e+08
 1.2691980976377998047e+01
-9.3062795344101001405e-04
-1.5653597783900678711e+12
 1.2954500985671442002e+07
-1.6044576707574203610e+08
 1.3148320409558936954e+08
-1.4073042268484165618e+01
 2.4604035107758412778e+04
-6.2180517795640586240e+18
-8.8749574428627875000e+13
-5.1300888209574739313e+22
 9.3245630836338427734e+11
-8.2671583315413641930e+08
 9.2804969839258400000e+14
-1.1888290126892226560e+18
-1.2154014325187534951e+02
-1.9759764363096571904e+19
 2.0762274846110411454e+05
 4.4008718953777058242e+27
-6.6425170995076242834e+06
 3.3624768618328825528e+21
 3.1647746095418560000e+15
-5.3048235376049176576e+19
 1.3010036851979850000e+15
 1.0891065618853221848e+26
-4.8678629737877190400e+17
 1.0543661619514019529e+24
 1.0296112465645596679e+23
 1.3474599508686314196e+23
-5.6035234089604315013e+24
 2.8770099650182675200e+17
-1.9374197913858535290e+09
 1.4278562680501737632e+06
 3.0203211542103843689e+09
-8.8425441918591503906e+11
 8.4140280791441392899e+08
 1.1889157411006974093e+25
 4.3981535255595762283e+06
 7.6314904519318733215e+09
-1.0508369052546010000e+15
-1.5811162444505244096e+27
 2.5403404210939074970e+20
-1.9838707508338800000e+14
-1.2236516493639365427e+20
-3.9076830774405755615e+11
-2.2574058141512347220e+02
-2.6281968479686073896e+25
-8.5765589380330932617e+10
-1.9114026718517350367e+22
-4.7644097764833701357e+25
-1.0561858098835843187e+22
-1.2761846285213492188e+13
 7.0461918788029357931e+26
-1.2700707235071692317e+25
 3.2046610027083079331e+03
 7.2493492935338816963e+21
 2.8016928793031938838e+00
