100  2.1808291117848266990e+24
-3.2182969981206944000e+16
-2.2477357375971840000e+15
-3.1094022643835671246e+07
-6.0988893966972747803e+10
-1.5852848607139400253e+23
-2.7044957525064163328e+19
-8.9794676155494687500e+12
 1.9130739281764450304e+20
-1.9574370691184345000e+15
 1.1448083517793623867e+22
 5.3785718660146990544e+00
 1.6308982669793107334e+02
 4.7552233290024032000e+16
-1.8549862677284479141e+07
-1.6426062821739724800e+17
-5.0690595729460827259e+21
 1.3102827980604943360e+18
 3.6172161462888809204e+10
 9.9549720551925700000e+14
 2.9785465730917870998e+08
 4.6920357851163033600e+19
 1.0346550929318391841e+22
 1.9550995628248465408e+20
-6.2539141897940600757e+05
-6.0781713692061532160e+18
 1.9671142407247128487e+09
-4.5151681759194002227e+20
 1.4422316841681890000e+15
 2.9342156321123034726e+20
 1.0113699070940061938e+06
-2.1645347748646329600e+17
 4.9216498534996562500e+12
 6.3871221618885751781e+00
 2.5436976541314436417e+02
-4.7824176862225021978e+02
-3.2601163191128492355e+07
 4.8802676530270525000e+14
-1.7272459603898525238e+07
 2.1925225138604265625e+13
-2.0146611291952297051e+01
 1.5793461354963634491e+10
-9.8397570018938671875e+12
 6.6559998918890208006e+06
 4.2128642267259088000e+16
-3.8538756253195591680e+18
-8.6552008549430400000e+14
-7.1085187122892625000e+14
-8.2950415932829566300e+06
 2.6376805975328062177e+22
-3.3970194714880450000e+15
-3.6517292045674199471e+04
 1.1058070820552065000e+15
-5.8254984486145622213e+02
 2.5311901705636138189e+20
 3.0766778919053045684e+04
-5.4796466833680768000e+16
-3.4862959160047051158e+23
-3.9509972063529733077e+02
 1.9846930840675658381e-01
-3.9092591423181920052e+09
-3.6726340518218092620e+06
 1.4906684833716989517e+10
 7.5556950748518481920e+20
 8.5044202391794376373e+09
-1.4669123408377222404e+03
-1.0121493912709117432e+12
-8.0507723766419849198e+02
-6.3486825365317344666e+10
-1.6164524554293356800e+17
-2.1705590242593812943e+08
-1.1358486097740596533e+08
 4.3457867977851013120e+18
 2.1844280556469660000e+15
-9.5336056603089891723e+04
 4.6313821269367869722e+23
 2.2964158646510991211e+12
-8.0034681601667174400e+17
 6.6125797446916875000e+12
-1.0473744945959714844e+13
 9.6846370834971618652e+08
 2.9277142583308492800e+18
-3.3181336883100700378e+10
-2.5599667791146875000e+11
-1.5648056178815914485e+00
-4.2409960070068756104e+10
-1.7883044053579615437e+20
-4.7681198596337287500e+14
 2.0258212188418951882e+02
-2.4179698230028279227e+00
 2.1191135189703740234e+12
 2.1804983504923004150e+10
-3.8530774984928593750e+13
-2.4788399889244389376e+20
 3.1931395452338073600e+17
 1.3667662318305680000e+15
-1.5143287687567384000e+16
 8.9298765850773028864e+19
-1.2017833755870768428e+08
-1.6175521907178359375e+13
-3.5654005230557089590e+01
