100  4.4039246074482109375e+12
 2.4809456959711727142e+10
-3.8418150636240161133e+11
 2.0487140330641699393e+02
 7.9742455306984939575e+09
 1.5105124461606283148e+02
 6.9755168125913144195e+01
 9.3630851896663796197e+02
-7.0292743243555474281e+08
-1.5373067989068568568e+05
 2.2302214052258295673e+00
-4.8477034880787384510e+08
-2.4025937721489221133e+00
-2.6031133134657507762e+06
 4.6486121953819842020e+04
 1.4815814816315880307e+04
 1.4441371767704123631e+07
-1.8841580353300948047e+01
-6.3104343847997377281e+00
 3.2110823330276184082e+10
-2.3906745647560351063e+05
-9.1457077413546490669e+08
 7.7919002834564144723e+05
-1.4521891862651209813e+06
-1.9893111424861352539e+11
-3.0146086544056571732e-01
 3.8659732716705121902e+00
 1.8492028131821430179e+03
-4.8839611555822143555e+09
-7.8023309180255040474e+00
 2.3633546600390248932e+05
 2.7803315194810140133e+08
-1.9058980698937375564e+04
 7.2125134886542844772e+08
-2.8174034930701878920e+00
 5.4471851350333437836e+00
-1.4406777687943651199e+10
-7.2161657985253036022e+07
 1.0604737114640850830e+11
 1.9284464166570387533e+02
-3.4797373944116203347e+04
-1.4301817079784470479e+04
 8.6373467027079122715e+00
 1.2328229678736572266e+09
 1.7229701653554980112e+02
 2.3225786947470376617e+04
-3.1213513873668603082e+03
-8.1503665400349163974e+03
 2.8983760336184120178e+08
-5.1272210602925460815e+10
 8.4954698583959228516e+10
 4.8957030437297853496e+03
-1.3699999020630504454e-01
 1.4032949722378583829e+04
-1.8143872103051965332e+11
-9.8861029261404746649e+02
-3.5447703651946151733e+10
 3.0201533466578088701e+05
 2.0415315637245450020e+09
-1.5708462462954111099e+09
-2.5146297630356388986e+00
 4.9124667464434932917e+06
 2.3287142032712981745e+03
-1.0174393566304238513e+07
 2.6039828544898046875e+11
-1.7572698486359778326e+06
 3.6861412521253412706e+04
 1.3379855903181386623e+01
 5.0090137028634307861e+10
-1.3289325889105202805e+03
 1.8886890844873455353e+05
 6.9103342177414245605e+09
-3.8080560682744631767e+09
-1.5754096485158232972e+06
 1.5555701777465503255e+04
 3.6279282493067145348e+09
-1.2520012302666833496e+11
-7.1130009576810470581e+10
-2.3116401203253735730e+02
-6.5937573181741271355e-01
-3.2890123030968370438e+09
 6.6657983095837058499e+04
-1.7637198390255187988e+10
 4.1802773727882817388e+07
 5.0999160779472293854e+09
 5.1758454759357192643e+01
 1.2092597697815995663e+07
-3.5346001514886902442e+03
 9.7511366346102996826e+10
-2.9803408112475100467e+01
-2.7528670620142720509e+03
 6.5479717337773681641e+11
-2.3526961652670771582e+05
-2.3767228834685897827e+10
-7.5610301246913298965e+07
-2.9244477760528358459e+10
-2.5576940340634273241e+00
-1.8251479780890136719e+11
-1.1270195472225061906e+01
-7.9781329918212661743e+09
-1.8722123064281518623e+01
