100  2.1223666094606006234e+32
 5.8629307179343183872e+19
-2.8876081652366159872e+19
 2.4610305819898012592e+25
-3.0247937731071741620e+24
 1.1952059190035448267e+27
-1.4175914718764886587e+29
-7.9359621755378640000e+15
 3.2314048608756949425e+23
 2.2210290365498717772e+31
 1.0269582882336474722e+05
 4.1613802443866960000e+16
 1.4974510306446281141e+31
-3.3571133596009838129e+02
 3.9983735861136793233e+00
-1.8781608994703654963e+29
-9.6352521308550151957e+01
 3.5934089540242368000e+16
-2.5713835149308733440e+18
 9.7254164322544695378e+21
-1.0457317646207016537e+01
 6.9712184372921073425e+27
-1.0845782571563609054e+03
-7.1459700848957275391e+12
-1.4406691814088879537e+28
-3.7561455003532380160e+18
 2.2103424064286950400e+18
 1.5248896851761955023e+08
 2.8808590373049125510e-01
-7.0222771636287417712e+31
 3.4154701890882548584e+23
 6.9445494814608704000e+16
-9.0953016567700245646e+29
-4.0514066421853383072e+06
 6.3611564471451661841e+23
-2.1071887127324912517e+21
-1.0307614433125692790e+31
-2.7413772175437999725e+10
-2.9491674564655206632e+05
 1.0236646906553481662e+29
-1.5531042173890074219e+13
-3.7504677823690229760e+18
 2.2063817209791480000e+15
 2.2934236787980304384e+20
-6.0019044387129917741e+06
-4.9327857018000398348e-01
-1.8287386575542861829e+05
-3.4790853096926924800e+17
-3.3948269118921018617e+02
 9.5291901961920092773e+11
-3.5533458291876759594e+26
 4.6007742541334875000e+13
 1.5461702291291604042e+09
 9.4330593077661362145e+00
-1.4647212084926546595e+04
 1.5356076859997906467e+03
 1.3174208217598061310e+05
-8.0607515346046656250e+13
 1.5848054928321242332e+06
-6.6669113884437138040e+01
-1.0286198015226793750e+15
-3.9887618834317532142e+25
-1.5029003109723164234e+06
 3.4119468045291385883e+31
-6.8934899151669831680e+18
 1.2570429292692493647e+07
-3.8704579221626206290e+22
-1.9267055017467139257e+30
-3.0664344844368270060e+02
-1.3697546822148411034e+27
-2.7565150559600014646e+26
 1.2294829220454603092e+31
 9.9054986221138136269e+20
 2.9257228068803060000e+15
-1.3918757616359981056e+19
-4.1183281104833190918e+11
 2.3551910088013173828e+12
 1.6509720662518120000e+15
-1.8594946639884597062e+01
-2.2929857862353891134e+07
 1.6333308037825946045e+11
-2.1833173549582600000e+14
 1.7815415780317228669e+26
 1.2960803825812024570e+02
-1.1147475297383131981e+09
-6.7672649435419725705e+02
-3.0611122931602076278e+04
 3.7273729114284128627e+02
-6.3772748623552362578e+23
 2.7766466602076248816e+27
-3.8626485984886592000e+17
-2.0142831092866923427e+04
 5.6972415014192525000e+14
 2.8966280539654633230e+02
 1.2360255571079797363e+11
-1.2462224679671539062e+13
 3.6375605580214444875e+25
 3.1725680718780906677e+10
 9.1870945818673250000e+13
 8.0711708863096900000e+14
 6.7917019596025365529e+22
