100  3.2369688604146175100e+32
-4.2446956800389451940e+29
 2.5635175321680788480e+18
-2.9776356518819076000e+16
-4.8729325603892980143e+06
 1.6852959040979317251e+02
 2.2343414039802616320e+18
-5.4075362202089689672e+07
-2.8939413795354305137e+01
-2.9431453521144992000e+16
 8.6162276102781234499e+00
 9.4440510254286419243e+31
 2.0841922630885415322e+20
 1.4640428302358585938e+13
 7.5989486274384687725e-01
-3.2344624610809892000e+16
-2.8862732089470281318e+20
-2.5980960994092095417e+31
-2.2600764759930058290e+01
-5.0469775033932453125e+13
 8.5099816509067200000e+14
-2.7057868135476948337e+30
-3.1069371035879138918e+20
-5.1518042189663500977e+11
-1.9804386032754421234e+09
-2.5778513925764411852e+02
-1.3643922033377268750e+14
-3.3810566537959785156e+12
 4.5174833086264294400e+17
-1.7983307840659709182e+06
-3.4331936874020262621e+05
-2.4907972759685362592e+29
 2.9028855725625935011e+06
 1.9441062530864834785e+07
-3.0935043139627199173e+09
-7.4412750640039825439e+09
 9.8219871954836712682e+24
-2.9564824113365943705e+30
 5.4028616989919227988e+28
 1.7454273030977500916e+10
-5.8049756306888878345e+07
 1.0505634221818070442e+27
 1.6088473611691857514e+04
-1.6764003659243646672e+26
-1.4005057822470512241e+07
-2.3276609474441310158e+05
 2.0107799769744012508e+00
-1.8793432206364073984e+19
 2.4599704285327832031e+11
-1.4161981043215712000e+16
 2.0550127425677954102e+11
 3.7166418514399593750e+13
-3.8566922677090663910e+09
 3.3479679864143533939e+24
 8.7258007121999762603e+03
 7.5045118683385312500e+13
-3.7018423880641888665e+30
-4.2310598407570766020e+26
 1.3225503211621746421e+08
 7.1182480698324131840e+18
 3.9424518007069195846e+01
 1.0711936638668190515e+21
 2.2441475928378365934e+07
-4.5276185899037465453e+07
 5.3178044440798225403e+09
 1.4461097570206931474e+24
-7.9428039108765678406e+09
-2.3851568068943101540e+28
 1.3945192875752629862e+20
-1.6592883671604083200e+17
 9.4496125459766720000e+15
 1.2247887315204359348e+30
 2.5225931569847704381e+23
-6.2015307235443621888e+19
-4.5178370838332351577e+27
-1.0536346330957023805e+21
-8.3821170084848517945e+02
-1.8553746922415384166e+20
 2.3473822110763052478e+04
 3.1165199290920706507e+22
-7.0359677405824960772e-01
-8.0089750715128890625e+13
 4.1640404117330504182e+27
-2.6042586580796819180e+05
-9.6019609784633086491e+00
-3.7398065076976826431e+31
-1.1956367936693974598e+22
-4.1094880162423158866e+21
 3.3335816018585920334e+08
-2.2280413646808007186e+31
 6.9739312578081296579e+01
-3.7347106394269660000e+15
-9.5580509814420117188e+11
-9.9918222500232174907e+25
 1.0982939504909301744e+27
 2.9125308782725745440e+08
-9.3550682026043114092e+02
-1.2146764575900160708e+03
 5.3249286166041625000e+14
 5.0508083951686666474e+26
 2.3146593883583787565e+23
