100  4.3051224790200822383e+28
-4.2485394672518266880e+20
-2.5233280013538287616e+19
-8.4153389790920844800e+17
-1.7850313075951771680e+03
 1.2726347536652335841e+22
-5.2561297871824875474e+06
-7.4117760162416645997e-01
-6.7922338590616547549e+01
 2.8596581372850157320e+07
-9.0365312131416130066e+09
-4.8364742574021937500e+13
-5.6893264230655257812e+13
-6.4489686425411895296e+19
 4.1029653162164965820e+11
-8.7851580439017852768e+05
 5.5692547928548423680e+18
 1.4454772591669863090e+07
 4.2116880014974564769e+24
 6.1019991528265856000e+17
 3.0739044128484778184e+00
-1.5554523415815749168e+09
 3.5479221867293098535e+23
-2.4766785010407048162e+01
 3.0496198024273431301e+08
 2.0017815498018410381e+02
 1.1241084445599841309e+11
-4.4179462503906189218e+26
-3.1029644322820976377e+07
-1.2255789684768032646e+25
 3.1401424082952819299e+05
-1.0978220940977384000e+16
 1.9397509417647700760e+25
 3.3214589822513210297e+10
-5.1037680825477195867e+01
-1.9237892491148903125e+14
-3.6450446281872668750e+14
-4.7274321696326360325e+03
 3.8864129107843916800e+17
 1.4778916891676873779e+11
 2.9304486962811813200e+00
 5.3603796007766712320e+18
-4.4038901208040232100e+26
 2.0022974525515960188e+27
-1.9364388077584467773e+12
 3.9833601658445695507e+24
-1.0893065030911445000e+15
 9.6680398414101435594e+23
-8.7592894332352191210e+07
 7.5476197909069379404e+22
 1.9502059661048649630e+00
-3.7309687785921036266e+04
-3.0862362284730195312e+12
 3.3491300719665000000e+13
 1.9261701945720922112e+19
 6.6602675809013040000e+15
-1.1271353864853370396e+04
-7.5736085146350764687e+21
-2.4007193387088999152e+06
 2.2189385425308824777e+27
-6.1499855806320192000e+16
 5.5480149883021447754e+11
 5.3385872680602595210e+04
 6.9877134482327353954e+08
 1.8425985904830775820e+23
-1.9444101046781046403e+24
-2.1951519340935337823e+04
 2.9303497598280068487e+06
 5.4256359412958090616e+00
-1.0363635418480772000e+16
 2.5254164569974800000e+15
-3.9581503313071775000e+14
-2.5365462300446271493e+25
 1.0205815444680605696e+20
-3.4791001378565500000e+14
 1.1834487692400070373e+06
 1.3785218366928165274e+22
-7.9887037591875344515e+07
 4.7241640349500199404e+23
-1.2334646293504138184e+11
 1.8191168772840554433e+27
-3.4793951677134255078e+03
 6.2894225146487596646e+20
 1.7090428040750965010e+04
 6.7940734890141334290e+02
 1.4655049281008078003e+11
 1.6879758639526147461e+12
-7.2391779051257720000e+15
-1.6846000617761582419e+01
-5.1417945238226680102e+27
 5.7997995855161562500e+12
-6.4745416250895124671e+24
 6.4126883648102115387e+00
 5.8449982001241170000e+15
 1.5257228096388085760e+18
-2.4234038994079531903e+02
-4.0988127686414017603e+01
 7.5676815209099769592e+08
 2.8626855329610931221e+04
-1.3541584561898388800e+17
 4.4801904693028259277e+08
