100  6.3104786721767467369e+24
 2.7935149057214164734e+08
 1.0806241069776181584e+24
 2.7004161480613440275e+07
 2.6010960587434595936e+01
 1.9665795566624800000e+15
-4.2236557626076679688e+12
-5.2548871871242234483e+06
 5.1225021375799355469e+12
-5.4392366830979033600e+17
-5.6715538820326969471e+01
 7.3493909198447149056e+19
 2.8469459558957519531e+09
-9.6237188695031451061e+05
 5.8852034436112941056e+19
 2.5684583082349218750e+12
 1.5122721098774981385e+01
 6.0431348610419530924e+23
-1.7032754261103295903e+03
-7.4335733281559497070e+11
 7.3913225140000729858e+22
-2.7168585937667358720e+20
 1.0088833887310659200e+17
 9.0974725083013840000e+15
 9.0562985808252394199e+06
 6.0345417658141136169e+08
-2.6018401296672800000e+17
 1.6411021126615611365e+02
-4.1860296365409385000e+15
-4.6747428913809035294e+03
-6.9911439978406633600e+01
-3.7536584478569798470e+09
-9.8873046746443652344e+11
-5.2644822351168543100e+07
-8.8317237077295507319e-01
-9.1707477499808453755e+21
-8.4893632138493164062e+10
 4.6037719065547761943e+01
-2.1178994746570834759e+23
-1.1764073569778566360e+09
-7.0333494836709807882e+21
 1.1150632211189089966e+11
-6.4655264611033143050e+22
 4.1399546463170662500e+14
 3.0672942632053432632e+00
 2.2425272777190957056e+19
 9.7643506510564637146e-01
-1.3509352530151972000e+16
-1.5564445909534120560e+10
-1.0741312845027652740e+10
 2.1522946023371431250e+14
-1.0265641500150792969e+13
 1.1853665912904884294e+02
 6.6021046320308744907e+06
 8.6224459797282282381e-01
-7.1573641533424081281e+06
 1.0448356400495312409e+06
-1.0121792748070000000e+15
 1.1640092728043254400e+17
-6.9186412033023906250e+13
-3.4882593204897816008e+00
 1.5612302140213928223e+10
 1.0053275747095963359e+08
-5.4144238054101831680e+18
-3.6545958328179061937e+04
-1.0827982187919344753e+07
-8.9219073850199906155e+05
-1.4822769549559421875e+13
-1.3128500165977773666e+09
 2.4744516542708013731e+04
 1.0571140505109392107e+06
 1.0038146681988078080e+18
-2.7138619079479824219e+12
-5.6851687349677595193e+04
 2.6580838494880876462e+21
 6.5690716741443138123e+09
 5.4004617299831711334e+21
 2.5756324246877816000e+16
-1.4553091454331659821e+24
-9.0159405912758031250e+13
-5.3966817543982910156e+11
 2.6042144143637711018e+00
-3.4838112854434004337e+21
 7.1119475555951776187e+03
-3.8350199130662862848e+19
-8.3214006729899864228e+21
-3.0164416397034008987e+06
-3.5431909121725153611e+00
 4.5453855662653386593e+08
-1.7648833661881025000e+15
 5.2845655600226731622e+04
 2.8773662543803296875e+13
-2.8539093896200763993e+04
 9.7970849964855336960e+18
 2.1094187568440132141e+10
-7.2153486042582115942e+21
 9.1974000911021244416e+19
-6.7910454637825146484e+11
 1.2812801381917471539e+20
-2.1444533538926967500e+15
-6.3372362239086692171e+02
