100  2.9062253605329620000e+16
-2.8441765646405691406e+13
-3.4244857194979020278e+04
 6.5934900701548291016e+11
 2.8832214026808054768e+04
-1.4125611040016181050e+03
-1.7739119119073437500e+11
-1.9173358091081893444e+08
 4.1141146933117132187e+09
-1.1257233997152038540e+00
-1.6072885222997544474e+02
 7.7703580101759798708e+03
-7.8073157389329344014e+00
-4.1697788102228808594e+11
-3.4757116343096310374e+00
 1.6266353040811890196e+02
-1.4885354400159012123e-01
-6.5440180481983101345e+04
 3.4370068634027393273e+02
 1.0436008974616769791e+10
 6.7974005045657262500e+14
-4.9066855278872768395e+04
-1.4699999629189020197e+04
 2.7126561788079337500e+14
-5.6506312394458465576e+09
-1.9906246508182827383e+06
 2.2661287794612485352e+12
-1.2861688005217562500e+14
-5.1666313765257609880e-01
 1.8480097987950876355e+07
 2.2163795679357109375e+12
-1.9124488559933256836e+12
 1.1285543412124102178e+05
 9.3460071062203610381e+01
-8.0682459673503804952e+06
-2.5530479976416629029e+02
 6.6677805912105268362e+03
-1.4537772610766006250e+14
 6.7287002624837588519e+05
-2.8558679045714031250e+13
 2.4008985146541821365e+00
-2.2110948340399368286e+10
 8.0115555883300118148e+05
 3.6617046173195500000e+14
 3.2074316780052955437e+04
 1.0681117587834023652e+00
 1.4697881443925263672e+12
 1.5375010838020239258e+11
 8.4864681796199492188e+12
 2.8576702067695898438e+13
-1.1677079369155590000e+15
 4.6452884416197600000e+15
 2.7059767678010966629e+07
-3.4911856920117121094e+13
-5.6235962244078625000e+13
-3.0244813317351542992e+01
 2.0392057986423858438e+03
-6.5051082927716875076e+09
-3.8292626824818762207e+11
-3.2995203918922950745e+10
 4.3964846862394218750e+13
 3.4687040736905654370e+00
-3.3173986441261913427e+00
-2.5774635717051465625e+14
 5.9206933578897100000e+14
-4.6230111802447993341e+01
 1.4814127373364020605e+05
-8.6955941427062201500e+08
 3.3857936921404125000e+14
 2.4066491443097448349e+09
-2.9610048657191000000e+14
 1.0848381856981020519e+03
-3.2578440289829188714e+02
 7.6111645078705851120e+02
-1.7047846188114556885e+11
 4.6847872965247500000e+12
 1.2639282561144417188e+14
 5.2946385378226593750e+13
-8.9720944110326960683e+07
 4.6746010709472513199e+08
 4.3057131773407427318e+03
 9.9845654168940534134e-02
-1.3897151295346465982e+00
-1.3535391947369504351e+02
 3.1316621101911348291e+00
-4.4835444820182971191e+11
-7.1069922544661790133e+07
-7.6827683164890287444e+06
-2.0287830444798985263e+05
-1.7807042739048239309e+05
-1.0991145304989460000e+15
 9.1801291542784790039e+10
 5.8714860748697891831e+06
 4.9191896954584546387e+07
-9.3995704614486806095e+06
-3.8763814845029750000e+15
 2.5463265223508361816e+10
 7.1978564796282265625e+12
-4.9492580962494703125e+13
-1.4320371707971472119e+02
 2.1963742283293395303e+04
