100  9.2231581398456983152e+03
 4.9206190670808798160e+00
-1.5690556364777514808e+00
-1.2172924548223896579e+02
 2.0903830306951064699e+01
-3.0894588293361073283e+02
-3.6189212748050181290e+01
 5.6469815334423012487e-01
 1.7212371928757517026e+02
-3.0647406225924740397e+01
-1.7273151005725546270e+02
 2.3034064434668866106e-01
 2.0622656028089423330e+00
 3.5973789512052389838e+00
 3.5006178425979118174e+02
 6.9102688121266897525e-01
 4.0950875806282271974e-01
 5.2143264441487673366e+00
-1.2357048103332988198e+00
-1.5314447681036105209e+00
 8.5675504798854040800e-01
 4.9077870039437545557e+00
 4.4215885895307707187e+00
 1.7212147717197092334e+02
 7.0518972163372029627e+02
-3.0183435730386690921e+02
 1.2282146839804312322e+01
 1.6844637371590405195e+00
 4.6034182755648657803e+01
-5.9593458011756479209e+02
-3.0212812501744781279e+00
 2.4655665633673091719e+00
 6.3582004110115590834e+00
 1.4150767926531340635e+01
-7.4469549418778591132e+00
-8.5173782252432097550e+00
 1.4590194879396580774e+00
 4.0345488187742284936e+02
-5.0890863439702664905e+00
 1.0364504638695102301e+01
 4.5350023501086607070e+00
-1.6415306320816682728e+00
 9.9394697418003246980e+01
-9.6230559766657464138e-01
-2.0886852694418514886e+01
 1.9918717594108848346e+01
-1.3336234428234443605e+00
 4.1940422609514925512e+01
-7.8915576589308216171e+00
 8.5197625000834761977e+01
 3.1252125748948549244e+02
 9.8474764223636377380e+00
 1.5646853300303547485e+02
 8.6164024772191709189e+01
-1.7201373357915321094e+02
 8.4539437592988520009e+00
-2.2312568835119113153e+00
 2.0487960722961808813e+00
-1.5501904308735008353e+00
-4.6312617691269988285e+00
 5.1653984477629671801e+02
 7.3757070768353028001e-01
 2.4321400728241320266e+00
-1.4600897647172128018e+03
 6.6044781958978191483e+00
-3.4421750403614367997e+01
-7.2242541997161922041e+00
 4.5171675084539657519e+01
 3.2748052809172065736e+01
-3.8511397774659879012e+00
-2.4137650332515484308e+01
-5.2961836412776051475e+01
 3.6568087806943069040e+01
 1.7889710437075114768e+00
 1.1481895199029793275e+01
-1.1313698835880113336e+02
 6.2146078151529220435e+00
 8.1000468221818186976e+02
 3.2220790587983572095e+00
 1.1220086807223569281e+02
 4.1281055990091033436e+00
 7.2650068161516978549e-02
 7.4805926069295014535e-01
-8.9058234663646196339e-01
 5.2421774217210710844e+01
-2.2623730478744043637e+01
-5.0847842078046835468e+02
-2.5829334166536420980e+02
 7.6950845626625437035e+01
 1.8339566199761065945e+00
 1.5152263525129319177e+00
-6.1604666335063491545e+00
-1.7196057786356314523e+02
-3.7057264458277097141e+00
-6.1729732161678462887e+01
 6.3381077751961228728e+01
 1.1527397656740895115e+01
-1.0901213788560728091e+01
-8.0998233724129953259e-01
-5.0615881055455780313e-01
-1.8875212020993018314e+01
