100  2.9634488595468540192e+09
 4.1968630506998896599e+07
 5.1008266538013750687e+06
-2.0659342060775793826e+00
 1.9428226917084077286e+04
-2.7697818675224407343e+03
 6.5844214738489181826e+00
-6.0516857840774919168e+03
 1.2162167654405157009e+03
 2.2610566668136149645e+08
 1.4395952580145206302e+07
-6.2212915009742253460e+05
 1.7912386913099126104e+03
 3.3611110393502647639e+04
-9.7930090883334397489e-01
-8.8813758688322400303e+02
-7.0041938598673208617e+04
 4.4976728162978537381e+07
-5.7567516262030247599e+06
 2.0377031671920686762e+00
 3.5973418537353351712e+05
-4.8127353236492972144e+01
-5.1478612767261214554e+07
 1.4247676562226299196e+07
-3.2885286487781479082e+04
-9.9371334596398737631e+03
-6.4297525264199375528e+00
 2.3141581757609898773e+01
 5.0675517766072868397e+00
 9.4660070446338892225e+01
-5.3274157718873190880e+08
 6.4231658264113669077e+00
 1.8607623898235606248e+03
 2.1776163471294166811e+03
-5.4803885173697750588e+01
-5.6585480164666842029e+02
-1.4912740605150920153e+08
 4.6956115543541072839e+03
 2.1107856311844172888e+05
 4.4140839430131063637e+02
-1.6413597592044055773e+00
-1.2808528749283483624e+08
 4.2684590222407245636e+08
 4.6648544867676378090e-01
 1.6676581113181714500e+02
-1.8503018675779347541e+05
-1.3539769952944368470e+01
-4.0741486968062445521e+05
-2.5594820282164205310e+03
-1.1486136231206738323e+00
 2.6646029459271132946e+07
-6.4884628162790089846e+06
 2.7158185154200816669e+02
-4.9414162722568605095e+06
 6.4293205308668020734e+03
-1.9353572045664390316e+05
-1.1605062506299793720e+07
 3.6175547061318575004e+01
 3.1027344498898531810e+02
-1.0395419936650527234e+04
-1.4482731924233068712e+06
 3.2834206427886784077e+06
 2.8845563257613338060e-01
-2.0013928365396568552e+05
-6.5891287056892906548e+03
-1.4733464060575563053e+04
-1.8668265292859666049e+07
 6.0219716630075350404e+07
-1.6691960847460450168e+02
 1.6505263978623213461e+02
-5.7465787073172397912e+07
 2.2441542798279778799e+05
 1.3147037520681897149e+03
-1.2243709547234029742e+03
-3.9045014143483176827e+07
 9.4436332785855943803e+05
-3.0408926323638274880e+02
-2.1695663723357200623e+07
 1.4269148391029576305e+05
-8.4607389782943549505e+00
-1.3036354903036609292e+07
-2.3810259150581067900e+00
 7.5438014251862391829e+06
 6.3158237336882972158e+04
 1.0385965929991193946e+01
 1.2503060850761994720e+07
-1.1043600754912844300e+08
-4.0800813262773671930e-01
 6.2727164055479166564e+04
 5.0943456465232229233e+08
-8.2813980478506482541e+02
-1.5075529296771162535e+02
 2.7903949848776464933e+04
-1.1722461656984388828e+06
 3.9616402959380038737e+03
-7.6849419713642873830e+02
-4.1065496804998966400e+05
 1.1895865097276046072e+03
-2.3998631275967907906e+08
-4.8960909460865943402e+04
 2.0100020094792635064e+04
