100  3.1733213214002510000e+15
-1.1242652258993359375e+11
-8.1176984201709115041e+02
 1.4046189894536758423e+10
 3.9952211499080155045e+05
-2.8923055960542988885e+01
-7.4349179736540489197e+09
-1.0996191765512526217e+02
 2.4141737112031447232e-01
 2.1330705105481320061e+04
-1.0862779394691679627e+06
 1.1153665006388655456e+03
-1.9387645288621657528e+06
-9.8898971447984350586e+11
-1.5469177084790768276e+04
-1.3223474586543215992e+02
 3.8674247558927031250e+13
 9.8173180442402754124e+03
-8.6895587381812751293e+07
 9.2662573997399887500e+14
 7.7888409356536601562e+12
-7.0065078436928558350e+10
-5.5254176088012332912e+04
-9.8871642196598525000e+14
-1.5560920375431970703e+13
 9.5109206759049413904e-01
 4.2160268092969562500e+13
-1.8563620092563486099e+08
 2.0469964153482666006e+05
 1.3086899852652319336e+11
 1.1393026003339218732e+03
-8.3160704232211746275e+06
-2.8075884095932764467e+05
 2.9649630833073730469e+10
 4.2019659129342390625e+13
-3.5760497437854552269e+08
 2.6867334475967492580e+00
 1.2010220532488266602e+12
 1.3514571563665156250e+14
 2.8919536714520900000e+14
-4.4879899292381706238e+09
-2.2866860122201434375e+14
-3.2512968242846767453e+01
-9.3820046796214313645e+00
-6.9591954444870774751e+04
-3.0788274174679366446e+00
-6.7095119747362329102e+11
 4.2553603716626256704e+07
-1.3787698940935109171e+00
 5.5637737114824657328e+05
-1.7182826234938900918e+07
 2.7984278640392169279e+01
-6.9368555027336673811e+05
-6.3725277100697525157e+01
 8.8518481726299469301e+03
-4.7417383037641798182e+00
-1.2788522356755798683e+05
-7.1845403069112093750e+13
-6.8418564397991231090e+03
-3.3398988522932697088e+06
 3.8000272480240190430e+12
 1.6880422132095481873e+10
 2.0712544992242060289e+03
 2.3154995933459367752e+09
-4.2807123396754178657e+00
 5.2398935565723676700e+05
-5.3916426680846546875e+13
-4.8216830004274433594e+12
 5.6852013212667846680e+10
-2.1490473285288627625e+10
 1.1715033855043699873e+02
 1.1503090196148786362e+01
 3.7379051488685581717e+02
-8.4071328823609468750e+13
 1.6838794030411197662e+10
 7.2254796648612216115e+07
-2.2367884422996526155e+03
-3.1940114325800195336e+07
 4.1704998009170609294e+04
-1.2157519092957419343e+06
 3.6287457252981901169e+07
-4.8266308439539454412e+05
-6.1182596743047675781e+12
 3.4140647441896972656e+09
-3.1869913371936523438e+11
 3.3299657196100937995e+00
 4.8167680561777483672e+05
-1.9514223748839879136e+02
 6.9307199302753334045e+09
-1.0705739474593393368e+01
-5.3457820159740917969e+12
 6.6481752614555038452e+10
-2.5015426244494975982e-01
-3.4961525406782089844e+12
-2.0701286735867485689e-01
 3.9886602884418825852e+03
-7.8456360678517015625e+13
 6.5973416868687500000e+13
-1.1968661550388398438e+12
-1.9612057795990926934e+02
-8.5192879586191953125e+12
