100  4.0542264420018162552e+24
-1.6105512505714623717e+24
 1.2179298816933513153e+06
 3.6972714923161733896e+06
 4.0818823264206550084e+05
 3.2747081088640326042e+20
-2.7551595129545737500e+14
-2.4103143521028378906e+13
 2.5196109721003481250e+14
-3.4311373736695364118e+07
 7.0498957918440116139e+23
 9.8116793241246669233e-01
 4.4322785953827179037e+05
 6.1764718191429222400e+17
-5.0091012342339013672e+11
 1.5424414189803932190e+10
-1.5074848479998908043e+09
 4.7063718203861484375e+12
 3.1611865692338959360e+18
-2.3588938633445343232e+20
-2.0639907469157598098e+05
 6.4755303554716787500e+14
 9.4900646623941020877e+20
 1.2599337873865131622e+20
 9.2924283965861462016e+19
-5.0364849844664263401e+02
-1.0214190571792029975e+22
-1.2330901292450883789e+12
 5.7689699909424400000e+14
 1.0572671003800535202e+08
 3.5886555274198291016e+11
 1.9179458196965622483e+05
-8.5156636220022807748e+00
-1.0237946273515466601e+05
-4.4482849986480860000e+15
-1.6262734274376401678e+07
-4.4675658872674359375e+13
 2.0446086188130127266e+06
-3.6026065460133664310e+06
 1.6400510998376319916e+23
 1.2467701034386217594e+08
-9.7388058385198720000e+17
 3.4410894843121689600e+17
 9.7068209773082625000e+13
 3.6873117938462936401e+10
-1.7643698792772909999e+08
-1.0844419548699351501e+11
 3.0826782375809169025e+04
 1.8701843581510538284e+23
-1.1229744116128345600e+17
 1.8660725762388385792e+19
-1.6669012482157762861e+04
-2.0023837658572195365e+22
-7.8374774053055920000e+15
 9.9175556239050903320e+09
-7.0558922024876015625e+12
-1.8832520276521316528e+10
-2.5963343273871012000e+16
-2.3719749574357763322e+01
-4.8246538451387775000e+14
-6.4804070598362841338e+03
 3.6064386545583181005e+21
 6.8306163122450027466e+10
-3.7483174857680962500e+14
 4.2076988546604766846e+10
-6.8778445486428108800e+17
-1.6751206959177824274e+02
 3.9458394091051559371e+03
 3.2145505960255552000e+16
 2.0869529347700327148e+12
 1.6047583908783265016e+00
 2.9688403929727139840e+18
 2.6506398231232512000e+16
 2.0879254174728112048e+02
 2.5304691873192027672e+23
-9.4501824772769049600e+17
 1.1573126038082323200e+17
 1.3562978833929943750e+14
 1.0569273627785253525e+08
-6.8387065916442276001e+10
 4.3238290160477216000e+17
-5.3082813368022480011e+09
 3.6482378609324247430e+23
-8.3808353097746250000e+12
 5.3568770815925320000e+15
 5.9260253180370945358e+00
-4.8242560951040854889e+02
 1.7101070322430470696e+04
-3.4720545872898720000e+16
-5.6387843688461467551e+00
 1.4176848741829872131e+09
 6.1428740463000615080e+00
 2.8822004152906260480e+19
-7.8934591711118606838e+00
-3.8018264314855890616e+22
-3.6257988554376788670e+02
 1.6826369168942891061e+07
 3.8377490761232261658e+09
 2.4822699263381771743e+04
 5.3732315192329625600e+18
 6.8563040998694537500e+14
