100  2.2930683521697572454e+20
-2.9905441113683925781e+12
-6.1646737550969272852e+06
-2.4939005600368691073e-01
-1.0265780830607628450e+07
-1.2741350979240483840e+18
-7.8762971375822798947e-01
-3.6420418247893112183e+10
 3.7575564094044065475e+08
 1.7561765139592628479e+09
-5.3653198249630004883e+10
 2.0408198031685581207e+09
 1.0153757346369588049e+04
 2.7029558831032118178e+03
 1.3619714473990092800e+18
-5.9580904329020748138e+09
 8.5713966303601611328e+12
 4.8194705009632034302e+09
-4.4464629410580736000e+17
 1.6260929155293227539e+12
 7.7045415497045504000e+18
 2.5166797421567162019e+02
 2.3804380173352194561e+02
-2.0842042921637071875e+14
-6.4960116404699561984e+19
-5.0704834908704327745e+01
-2.6224641168078704823e+01
-4.7980368573336294400e+17
 2.1761688206764206290e+07
 3.3310123191504482065e+02
-2.7023885365520312500e+11
-7.5024938002724171383e+04
-3.6503865395505866036e+05
-3.2678399577753154297e+12
-1.2021329001294078400e+17
 5.4991903610667446628e+04
 3.0497018679431262207e+11
-1.6039561096234844160e+18
-3.5572039541891555814e+01
 1.7259606360317398810e+00
 8.4123977020662860870e+09
-8.2924652151459993600e+17
 1.9789751918009405927e+03
 9.3721964103263818359e+11
 3.3188711190033480136e+01
 2.3623121117378287348e-01
 3.0089306256342693814e+04
 1.0236312749841891900e+02
 1.1615861699023282812e+14
-2.7525514837281494141e+12
-1.1867574254263143539e+09
 9.5160180627100944519e+09
 8.2962842181614996662e+02
 1.5600867691509757042e+09
-4.1721131967310714722e+10
 3.4199313527220350976e+19
-6.1452794828077392578e+09
 4.0648718559397052741e+05
-3.8127734269831470080e+18
-5.3864386792383387685e+07
 1.4812715055421292782e+06
 1.1608582681727496000e+17
 1.9946958448736286163e+08
-1.3474176424838465173e+06
-9.3958112204140669201e+05
-1.7454490873646068394e+02
 1.5969391594606431539e+01
-8.0440196073262486607e+03
-2.9009417454306996660e+04
-1.0112635281775626936e+04
-3.9555822621293327757e+03
-3.0067466003502260000e+15
 7.1682495778742000000e+14
-2.0232582591385668945e+11
 2.6591347127000253440e+18
 5.7554453731406629086e+06
-5.8503723214443154575e+04
 1.5450195001670393750e+14
 3.0424301323035836685e+05
 2.7024778044135302305e+07
 3.4253542776904339456e+19
 3.7546830452656898499e+09
 1.6164907054150304794e+09
 3.0350386507200225000e+14
-1.4477885955741932988e+08
-9.5603717862851586914e+11
 3.5338907036423643149e+03
-8.1568641850585527209e+02
 9.2878614216649740000e+15
-8.8047890129917822266e+11
 6.1666430911765722558e+06
 1.1692672912209551781e+07
-2.1438399473596109601e+02
 9.1804506334502420000e+15
 2.4084648278535537720e+09
-2.7375335446777968000e+16
-4.0523855064853963852e+09
-2.9172412900052887500e+14
 1.7770818712122434135e+02
-4.2444084714406610000e+15
-6.7543316833592135680e+18
