100  5.6689529662463176000e+16
-1.0003594996236104635e+04
 7.0007935437898800000e+15
 8.8307064902186938049e-01
 1.0588817031106906943e+06
-2.2556692646255178452e+09
 2.1070114402738535404e+08
 6.5594493580564994240e-01
 2.0764547597220428288e+07
 3.2372394231991943359e+10
-2.1233253940664080811e+11
-6.2429577098978150000e+14
-5.3249392292120916181e+00
-1.5415697224904012508e+00
 4.0580711379707695312e+12
-2.3152677658466603607e+06
 1.9076869927090477574e+01
 1.3031993491795653477e+07
-2.2219400144256624685e+00
-5.4958974881530884886e+04
-1.8954352469062078125e+13
-1.6332830361237014927e+01
 8.8969109086192602831e+01
-5.1174590469832232666e+11
-2.5281000457696150988e+06
 1.2911037183202665625e+14
 2.7589572364159597782e+04
-6.7069507842956958008e+11
-5.3694375292506970215e+11
-1.0803064821241586208e+09
-1.5843730570915738554e+02
-8.1433909949545000000e+12
-2.3878039725932874717e+05
 4.6455731979200687500e+13
 5.9057035279784798622e+07
-1.1481193746586499023e+12
-3.7106327720504754689e+05
 1.6027431783872051165e+06
 6.8825667565097749233e+07
 1.8690631719998855260e+03
-1.6878542686058803125e+14
-2.0106963179397135377e+02
-1.4771366923247750000e+15
 3.1506058425332398087e+01
 3.6142292440716716762e-01
-3.1724441621049036257e+03
 2.9843582973497090340e+09
-6.4337533232078691406e+12
-1.6502302852061653137e+10
-1.0889274439694250488e+11
-7.0411045524047240000e+15
 1.3227455860521537545e+01
 3.9417209275930332031e+12
 1.4542110053528085700e+02
 9.0270034405470032652e+03
 2.5588569833979625255e+06
 5.6964894637304837488e+02
-4.7880706934792760876e+04
-6.1475011304218618591e-01
-8.3518107089819687500e+12
-3.8228575839366699219e+10
 3.6503701168639310026e+01
 3.3248313535126804688e+13
-1.9562194120692093750e+13
 1.8363889494354406250e+13
-1.6340542559756373047e+13
 1.1324548115736333421e+05
 3.9235081328395870000e+15
-3.9305609767692839540e-01
 2.3252434397627703857e+11
-3.1583304177115831379e+01
-8.3149183119882873143e+03
-5.6636656648776945312e+13
-1.4744982407751173973e+09
 5.8806646107043651864e+05
-2.0316606213607688904e+10
-1.7537635925048841164e+06
 1.5431368026433227539e+10
 4.3563688206017494202e+08
-7.2877700646233129501e+08
-7.8628698608145475000e+14
 5.5966469581877609016e+04
-7.1855334022001391602e+11
-5.2842961572047053778e+04
-4.2709276476034584045e+09
-3.3003958739736276584e+01
 3.2226527989261019975e+07
 7.7339972518208682537e+07
-4.0482197509726894680e+01
 1.0600404676536254883e+09
 6.3708457755297753906e+12
-5.7514881996850505471e+07
-7.9355892670050948858e+07
 1.9313899531253340625e+14
-7.1992840763304251595e+04
-2.4481459937742383772e+03
-3.7924422016418793646e+03
-1.1232504942211176250e+15
-4.2867760990544669330e+06
 1.9609501263487715050e+02
-3.3421875735881840228e+03
