100  7.4736828518497413120e+18
 2.0880218068210482597e+06
-1.7309527261125019531e+13
 1.0311550786061852705e+03
 5.8587859621982360840e+10
 1.7698680380429888000e+16
-4.7450323371055435473e+02
 1.8025270077014731942e+05
 6.7619056540659520000e+15
 1.6065742060619384050e+07
-1.6695917414457624545e+05
-6.2046912128316083200e+17
 1.3733819362768411310e+01
-2.6581831100818128586e+09
-2.5716078073334712535e+06
 6.8883963032474584961e+11
 1.3196080251905568000e+17
-2.0608439571023328000e+16
-3.8914169537188397953e+04
-8.4756659794146400000e+14
-5.3113266247287658691e+10
 2.1716965362600269145e+04
 1.6475659646041814995e+04
 1.0904043187206538750e+15
 1.2003318363084082031e+13
-3.8687632073493768750e+14
-5.0478872906607273035e+05
 1.6500396132820111234e+04
 7.3005736177695040000e+16
-1.7802344768788882500e+15
-1.5495777806151937500e+13
-3.5271188803836451843e+06
-5.8858294987044355366e+04
-1.1010619103555259705e+09
 5.0270008918779272461e+11
 3.6244710246505796875e+13
-2.0477019799609683990e+10
-4.6052650954764515625e+13
-2.8819914248514411526e+01
 2.9196147849029531250e+12
-6.5465192481760021973e+11
-6.1491457542923302400e+17
 1.2695725041719925404e+08
 1.0352451222954827881e+11
 3.8771773840572416782e+07
 5.3933759538772837500e+14
-2.3438913655428109450e+02
 3.7100591368878355070e-01
 3.6541195553110330000e+15
 4.2606256373618266602e+12
-6.2192012312220839476e+01
 3.5499447046381771997e+02
-5.3237314192770136719e+12
-1.3317017271297592000e+16
 1.9158844359912576000e+17
 2.4443025249320510864e+11
-1.3950886437613978125e+14
 1.0754138878089843750e+10
-2.3028432340373022669e+01
-1.4154684089229403980e+03
 4.2865669473450245000e+15
 9.5807009885760396719e+07
 2.1010326568499737186e+05
 7.9587265518399357796e+07
 5.3692369406516540000e+15
 7.3528408069021240234e+10
-1.0863133665056035000e+15
 1.2512107082553047803e+05
 2.3513720622763557344e+01
-3.5530613069050079584e+08
 2.7995382952848332934e+06
 9.6576776091013376000e+17
 4.3927047242233593750e+12
-1.2129687316394273111e+01
 3.0331337783955276012e+07
-4.4301647291001531982e+11
-1.6400658065910138248e+04
 3.2417135827787193298e+10
-1.2025467541353469514e+00
 2.2106948626094975907e+01
 3.3610885213607904000e+16
 8.3505457375635371094e+12
-1.7127958000926828390e+03
-2.3821767939278327942e+10
 7.6345060114540252686e+09
 9.7814623428867752963e-01
 8.3230376980487526453e+03
 2.9609018696785383224e+09
-1.6176874155116582400e+17
 4.4570618502781034209e+00
-6.1228020866232633591e+07
 6.2438951593875856361e+01
 3.4442482019934925484e+05
 4.6253060100755631924e+07
-1.4568505468716425896e+09
-1.1476890148739566939e+04
-8.1475945148953060198e+03
 1.3399460986585038924e+00
 1.0324127038625418209e+06
-9.3236468909161798656e+06
-3.8096646428830986224e+03
