100  9.2683241439308524132e+06
-4.0635743028588233727e+00
-9.6236931726461349967e+00
-2.3493027360447740648e+04
-1.7284165341088882997e+03
 1.8891417694795149146e+05
-3.5521371254220866831e+02
-2.2061534670584279638e+00
-2.2700569413451898715e-01
 1.7353939538565064140e+03
 1.0667093252503905276e+00
 7.7733667473966079342e+01
 2.6867843088192557843e+01
-2.5216566758352766442e+02
-1.8161395764916858298e+02
-4.4737007631896012754e+03
 4.5558782711080886656e+04
 2.3406092666807921887e+01
-9.0419756437331089138e-01
-1.5828801441802966110e+01
-6.1090792276737762023e+00
-1.2269821377170053893e+05
 3.3084524976051191334e+05
 1.5090946678971072004e+01
 1.7034489884067454841e+05
 1.8250523212233780157e+01
 6.8222046509507299561e+02
-5.6958788043008192759e+00
-7.6316968803311669035e+04
 2.1031419720601434165e+01
-3.4121751818408188228e+02
-2.1912443455460811492e+02
-1.8592271893155526641e+02
-2.4090708497733621698e+03
 2.6492713645465637562e-01
-3.0006846726245800028e+02
 3.1348309742573775338e+01
-2.5609012897300065248e+00
 1.1883010700877827404e+00
 2.2948442664874821872e+00
 1.1884065024699239643e+00
 4.1602793241125425538e+01
-2.8122514941888530302e+03
 2.3983076746934411858e+03
 8.4922844630364534169e+02
 2.7447655929644679418e+02
 3.4157330066541916835e+01
-4.0132119007417351497e+01
 1.9164129443530377466e+05
 7.4812995716434862459e+00
-1.0908892912031622473e+04
-3.9555359425271058171e+03
-1.3339723698989248035e+01
 1.3614105832002218813e+05
-6.4387501138501364039e+04
 2.5890278154220016660e+00
 1.3754128813717168214e+03
-6.7483258302554354202e+00
-5.8111550658373303690e+01
 4.7280818804080539849e+04
 3.9067312117680553456e+03
 5.4980856211428879760e+05
-2.1246352241915767081e+04
 1.1873648114866164178e+03
-4.7009176389182503186e+00
 5.7333276079368124556e+02
-5.7040035998636007264e+00
 1.0620760296402440872e+05
 9.8056090410591550608e+03
-1.1283559617819995037e+05
 3.6640474914225512748e+02
 8.8894894761372228231e+01
 3.4440635295916381438e+03
-3.5555438322889344249e+01
 3.0383106848099174613e+01
 6.2811663563425286227e+00
-3.7765043785944736321e+00
 2.3626753624879138442e+03
-8.4493490791156764317e+03
-4.1760193896270869300e+05
-5.5756185256229855440e+00
 3.4083168649424260366e+02
-8.4000504928132297937e+05
 2.9815786715964626637e+04
-1.0517736799292688374e+05
 2.3929184439042684971e+05
 1.3633098893958241149e+01
-1.5993159508021804504e+05
-1.2484468126403621864e+05
-4.4028777136586427332e+01
 1.1046936179667582678e+01
 6.0481679039937290554e+01
 1.0421479603546693397e+04
-1.0960690957257895661e+02
-5.3028383767391205765e+03
 4.2910343324158136966e+04
-9.3406251195121622004e+03
-4.1767200370434090928e+02
-4.2381720898324374502e+01
 1.5886654740942294666e+03
 4.0925714195339146784e-01
