100  9.2178158097223249920e+18
-7.1045667744387332350e+06
-1.0149534576782620000e+15
 5.6093174288079742432e+10
 1.4161974025786500000e+15
-6.0182062943221835938e+12
-3.0240400652715619653e+06
-1.7788278022286407650e+07
 1.2493428668247635938e+14
 1.2118573936224132776e+06
-4.8932233668789456000e+16
-1.0383949080402192194e+06
 5.6523830163433132157e+01
-1.1840506799914859009e+11
-5.4637124582159385085e+07
-1.9742316003116741776e+07
 1.6321321457205407057e+01
-1.5685656470709732422e+13
-2.6340927576106958441e+04
-1.7140573797981473181e-01
 5.2155428886822238564e+05
-6.3492469898994062500e+12
 1.5899190064544455936e+01
 6.7236940091289950000e+14
-6.5367079597077053040e+06
-1.7227820498781278729e+06
 9.3797408199605332157e+00
 1.5948876388358826000e+16
-1.9094700660807293750e+14
 4.1325501155264530182e+09
 7.5650911014982759953e+06
 2.9730598999377749860e+06
-9.9020214492079253432e+02
-4.0071609323344318909e+03
-3.4897753689310140324e+00
-1.4191211339979215000e+15
-1.5378199915242055664e+12
-1.1442187173735729920e+18
 1.6522402654837065935e+08
-8.7587551089802173010e+02
-6.6854335593772636719e+12
-3.8681017069483125681e-01
-3.2391569439844238758e+08
 4.7246154955261596342e+02
 7.5499138867541337738e-01
 1.4851449653939679265e+06
-1.3556376476286885691e+02
-1.7053872549461363281e+13
 5.2228598660637350082e+09
 1.4243109828703396800e+17
-2.9781009038536186218e+10
 1.5281462941498718262e+09
-8.4267825058305440000e+15
-4.4045617408063625000e+13
-2.1412450782925073242e+11
 9.0004953939416320801e+10
-1.2809276983318862500e+14
 7.8934446719167947769e+07
-2.4989898579014276038e+04
 5.5485485166360856965e+04
 5.0316467310244274813e+02
 8.3082813554643200000e+15
 2.5471634704696583640e+01
 2.5484540913523703003e+11
 8.4934605518113480000e+15
 4.3663212457733164800e+17
-3.2957101005789053261e+02
-9.1542212330286755371e+11
-6.1227566479075752199e+07
-2.2571769364825513549e+00
 1.4419549774536756250e+14
-5.1155407980823644903e+05
 9.8482870465448087500e+14
 5.5937385531657650972e+02
 4.6434716029725852422e+04
-1.3518977267256903648e+08
-1.9078167181941566923e+03
-3.7649309929257655000e+15
-4.5027515748715081787e+11
-1.0379555364970192909e+09
-1.6483592538833778235e+04
 4.1093701839411406250e+12
-8.5177903738410491943e+09
-2.6747972003426556250e+14
 5.8697591793771712000e+16
-3.8547389748876535123e+03
 1.1025047824362964630e+09
 1.4937831914877028794e+03
 1.5340009850158401489e+10
-5.6117795858756010421e+05
-8.2407733285689830780e+08
 5.3460403616575507200e+17
-6.6614669180656707764e+10
-1.3517234800614570618e+10
 2.7165618919369148898e+03
 1.8713621558218728751e+04
-4.9245304779391162242e+01
 2.2378674663004898071e+10
 1.2378182584730908275e+05
 3.8921691836776750279e+04
-1.0105356537754910278e+11
