100  1.6179023320003401681e+24
 3.7695068221321474766e+02
 1.1052609642105009698e+04
-1.9266943092391277332e+03
 5.6793456897920951247e+07
 6.2353203176553625000e+14
-3.7788262243361859131e+11
 5.3026304088723600000e+15
 1.7904097791833294452e+23
 2.7300634949840977920e+18
 2.7170892514533185959e+08
-3.9339884426802616320e+18
 4.5425985991093587875e+08
-9.1845619068175001600e+17
-1.3646812686884924000e+16
 1.3921317270776883200e+17
-1.5066646522659393959e+06
-3.9506111409755111424e+19
 3.2087831539558652344e+13
-3.4245277990940587642e+02
-3.3893255465491292998e+06
 1.2658614569016026508e+04
-6.8137835314662640000e+15
 1.0737675423251714048e+19
-6.3624445182321161667e+21
-3.9842904441169712500e+14
 1.1848394973527669208e+05
 2.9891947823298308067e+06
 9.6626040726223064121e+05
 3.6800877410472431183e+09
 6.4828817336273567744e+19
-3.2295833396222707961e+04
-1.2095988283850026131e+08
-6.7120480741062421875e+13
-5.0178311474334627840e+18
-1.7792984042079962137e+02
 5.4429143606841400000e+14
 3.3582297070681098027e+23
 1.0865876296078482710e+00
 5.5495088700220112514e+03
-7.3379177653542836197e+04
 1.2797980569813464844e+13
-8.7133982875575929938e+03
 7.3245902249904911155e+20
-4.5903999002233144320e+18
 7.3775375454371737600e+17
 9.0046142482671928406e+08
 2.1560348826429986957e+01
-2.7453051602103578625e+05
 1.0082464927364727103e+00
 7.3517952481541538239e+08
 4.8023633519151099026e+07
-1.4956629888895248413e+10
 8.7570515929610046387e+10
-8.3689682528785514832e+09
 4.8028812330806420898e+11
 2.2891107855546578765e+07
-7.5184050277771884575e+06
 1.5987544575830487040e+18
-1.5243118795456853509e+08
-1.8821241391340017799e+03
-8.9035496864488061775e-01
-1.2840761492678662762e+04
-7.8041229005159554072e+05
 2.0022451103817048073e+09
-3.7510625625566584242e+22
 1.3499384547309261961e+02
-2.1628132816726974852e+00
 5.6844258828248797499e+01
 4.8984419475592446327e+08
-2.1104383190307466240e+18
-1.6014908132047507324e+12
 2.6097223245663124544e+04
-1.7182253530769487305e+12
 6.6778001941322480000e+16
 1.6234364319746498950e+05
-3.9523271082797117440e+18
-9.7178249098615273438e+12
 7.0083983916749579878e+20
-1.0598344613714570312e+13
 3.2560765171783449600e+17
-1.2327760950844700005e+02
-2.3692121511073417265e+23
 6.3285707894551646044e+21
-4.2818698256541580800e+17
 1.6521536835967201233e+10
-3.7447076332081365585e+09
-1.7200896553175809375e+14
-4.7163194270502560000e+15
 1.2870269999706066132e+10
-2.4405666700610808840e+22
-2.1749921976858648877e+23
-2.2147923401716780063e+03
-8.2564937757391625439e+00
 5.3290649038726496256e+19
-2.0838886547129438259e+06
-2.0373457015133692494e+03
-6.3118836224375526400e+17
 6.3855469100332480000e+15
-3.4423490200211739420e+02
 1.8449039694151187897e+10
