100  2.2993105247919230787e+28
-1.6561646800144438688e+24
-8.2903972407563797375e-01
 1.9390416158212332181e+24
-4.9189780451535658479e-01
-8.7021008831943869591e+06
 5.8413697335916847805e+04
 1.1596057895127248000e+17
 5.7729476767375285946e+26
 7.0456536598079976000e+16
 3.4302594601260730997e+04
 2.4664087641446897806e+24
 5.4156104094640599214e+04
 1.9039083924860751296e+00
 1.5763889745377839729e+27
-6.4340489138938100000e+14
-7.1467394849547943936e+19
 7.9537112308325593750e+13
-6.2231352467811035156e+11
 3.6816084407871549899e+00
 8.4163129666311386108e+10
-5.0496326290960311890e+08
-7.1319810674788741120e+18
 4.2442518578591011646e+02
-1.0178437828661851156e+26
-5.6812351684390682624e+19
 5.1129036592035870257e+00
 6.7144477136852219701e+04
-1.7743752966296312500e+13
-1.2920246681723766327e+09
 4.3696192468197047710e+06
-1.4202218915606162000e+16
-3.3221368104247910156e+12
-1.9334285123181926400e+18
-6.6657020944302812495e+03
-1.7291662280060545024e+19
-1.3344341501751797760e+18
 3.0787594960230018814e+26
 3.7606849251973609924e+09
 7.2444117705823481083e+05
-3.8319684879194619498e+02
 9.0599567526017303467e+09
-4.1747217514985655800e+24
 1.6233221875204439932e-01
 2.2706579812929512960e+18
 1.6590556636953058594e+13
-2.5279160646119030000e+15
 1.1218143891342735291e+08
-2.7259842600787617266e+07
-8.1390313912972687500e+13
-1.5444653930001828953e+27
-4.2917811149915635200e+17
-3.1685287036828452148e+12
-7.8383591802080818525e+03
-1.1755912000745610158e+02
-2.4516776586025779200e+18
 9.3179536386462350492e+03
-2.4068854232582738412e+21
-9.9324537147863334912e+19
-9.0812312272708487511e+08
-9.4494664635546445847e+08
 3.3571741177810345412e+25
 7.7249984221203478806e+27
 9.6935128884007543093e+04
 9.2475000489367746642e+21
-1.2180965514373645394e+24
-4.0456850453972075000e+14
-1.6837165281548764142e+03
-1.8046420537242894061e+06
 3.0197509470496373251e+06
-6.4235508777672115200e+17
-1.3806453592475601732e+22
 6.3901768388506681302e+24
 3.2036899310813308781e+22
-1.1822089908265844736e+19
-1.8733398992117006250e+14
 1.1525200251656616501e+02
 1.5481776923532426008e+05
-8.5979111527972340357e+27
-6.4620992665124087500e+14
-7.6703073246253460000e+15
 1.1229651844411191682e+26
-1.6153649831685959922e+23
-9.8665228629917632000e+16
-2.8410413159321993589e+04
 1.9805368730133302510e+07
 7.5805316948081128243e+20
 3.9070237486308245778e-01
 2.1571838767448107830e+23
 2.0736817438636722094e+21
 4.4902688289072905548e+01
-1.7289950713260773227e+03
-5.3715292632271500083e+20
-5.6977821245442948596e+22
 5.8078833303684608000e+16
-1.3150050020974139802e+20
 2.2040544782100496384e+19
 2.3277248216653152681e+24
 1.4636300516588806250e+14
-9.4364010529343663124e+25
 1.1086088903094805777e+07
