100  1.3975394471342320803e+32
-2.4450479002705723392e+20
 1.4783791431765017110e+29
-2.9659085675268029397e+31
-7.4259708975638157944e+25
-3.7509151515668159485e+10
 1.6816204073096135000e+15
 2.9190014750547293241e+24
-1.6051689557056326885e+05
 8.7597203038267252850e+01
-1.8529832401197607242e+24
 1.4359962566627739258e+12
 7.5772152278991539200e+17
 5.8803945061411883170e+30
 2.1871618722998528246e+22
-2.2457245597308469248e+19
-8.6427359669961128673e+21
-9.2417923328925321134e+23
-4.5537091987653446198e+09
 1.0787739874260868334e+01
 1.3846953048721643427e+03
-1.2080480921771600151e+03
-9.6452621804187998578e+01
-1.1958552136399437487e+08
 2.7338701977409120000e+15
 1.1816372382157036000e+16
 2.5307910159315862500e+14
 4.3753149884465307189e+22
-7.1928571243873557250e+03
-3.8429383771299987753e+25
 5.7219400955912000000e+16
-1.2781992115249173447e+26
 1.9459186844526054688e+13
 3.3643918749734848000e+16
-1.2522351922038323250e+30
-1.6552194453573195497e+25
-2.8370947995154198089e+23
-2.0323978992376392660e+31
-1.1416490672872153416e+21
 4.7352303279252403976e+24
-6.8122022028879570312e+12
 4.9020629798822500743e+05
 1.0317414341218705000e+15
 1.0354943380005305121e+27
 8.7556363425466815710e+30
-4.4927435423639013607e+04
 1.2033799104710851680e+02
-5.6565045326077880859e+10
-6.2164715399499937500e+14
 3.1872370450999457389e+06
-9.8739849133788108826e+08
-1.1683009204667596817e+09
-5.0158040089387536049e+07
-2.6748084293829181440e+18
 4.5010209274952934400e+17
-8.6247503744708417665e+25
 2.2614969859725041315e+06
 4.6954898873779644006e+21
-8.8884189866689717770e+08
 3.7934750965023472009e+31
 2.2129926655768049697e+27
-1.7002750024103546880e+18
-6.8032165430906640000e+15
-1.6473171324524343232e+29
-3.9256111997013294967e+02
 1.8958083957719067383e+12
-9.8208381599465539580e+00
 1.1089404313057410764e+05
 1.9166727644069356800e+17
 1.1836639101896697657e+00
 4.8383911636846400000e+15
 6.6323728797907662280e+24
-6.3603497507958944000e+16
 6.9643251514267003781e+22
-1.2389192922161581396e+29
-5.8297879584604510224e+22
-2.2080226238651975989e+07
 1.6061150481477062500e+14
-2.1876750072325826685e+29
 7.9629938675915747881e+06
 1.1093603632634841919e+11
 9.2337425866138641357e+10
 5.8347376353808822632e+09
-6.7708960358887402344e+12
-4.4220682999142327255e+21
 4.1480378925065965623e+28
-1.2840098349194677021e+30
-3.1356701944059901871e+05
 2.6471746901821246909e+29
 6.5668650221784242586e+20
-5.2821460246349039025e-01
 8.5421777220304680000e+15
-5.3304487491981426688e+19
 9.3303687550691140000e+15
 3.9550218311336785347e+21
-4.4686735307947547811e+26
-9.2326782048064265400e+06
 2.3381284017036915757e+06
-5.8634132240918299188e+26
-5.1108548220204938691e+21
-1.8677673311138723875e+03
