100  3.7487585219564376000e+16
 2.4995579082576103974e+05
 6.0427828455833020020e+11
-1.2080672111021894466e+02
 8.8327979989554286003e+06
 1.2110108195043443750e+14
-9.3470215854549096548e+03
-4.7901689462389439344e+07
-1.3618942656617459761e+03
-2.4849533724495058777e+03
 1.4898190701466003906e+13
 4.3840501961472227777e+02
 1.0826397091723506250e+15
 1.4458196717070968628e+10
-4.4245509804029605760e+00
-1.1881127005215740967e+11
 2.2720390804234934375e+14
 3.0593020642391803676e+02
-6.1789033170030303299e+06
 2.4399017909806899726e+07
-2.3079276195567264222e+06
 1.4727342503044768819e+04
-6.3483526774293945312e+10
 9.0479575794436247088e+05
-2.0447454362304131337e+02
 2.9351968518046770245e+07
-5.1893866965808660000e+15
 4.5478489859001263976e+06
 8.6695678354511633301e+11
-4.8998458873902953928e+05
-1.6390765608350675553e+07
-7.0727478023640955040e-01
 5.7036842996801640625e+12
-8.1797932090595262125e+06
 8.2588832362164370000e+15
-5.1873660692717265625e+13
-1.0237138257139155273e+12
-1.9299734191272673011e+08
-2.5242223457223374023e+12
 1.6915035045530602336e+07
 1.7664175172983742623e-01
 1.9697307726193495095e+07
-9.6669819862922639004e+04
-4.4691053843790715661e+00
 2.4287455708697794762e+04
-3.6716146721850222434e+00
-3.1234953016554194689e+08
 3.3166634737079068174e+00
 6.6031559815358322144e+10
-3.7743911773397212500e+14
 6.7370630831093478719e+00
 1.7472474216485064697e+11
-4.2129859979683615165e+03
-1.9216775274598774910e+09
-6.7371883511578198522e+02
 1.3337724495511280587e+00
 5.8005596179262790829e+06
-3.0543568053775596619e+08
 4.8248806243452703125e+13
 9.7376619492816015625e+12
 8.3932519655999183655e+08
-2.4784695702169163269e+04
-1.4193038501229906082e+08
 3.3068000548013120890e+07
-1.6511715755637168884e+07
-4.2273792978357666016e+12
 3.9128551553367738961e+04
 7.6340405649390774556e+00
 1.0898853672357208729e+09
-1.9080226485739156250e+14
-2.1937753375608160411e+01
-5.7971496532896075000e+14
 3.9810513379620294571e+09
 1.1395036720222858406e+01
 2.3634824949671435356e+08
 1.4281920894139172873e+00
 5.3999318855149765015e+10
 4.0329284476670743898e+06
-4.9830927241928393555e+11
 1.3453094757201231550e+05
 6.9004331877430304303e+03
 1.2408681267112377100e+04
 3.5980987123077697754e+09
-1.0280808111742935181e+10
 2.1716502197502359195e+02
-1.3219852956027523305e+01
-8.9126635551413625944e+05
-2.2780874596184119582e+04
 5.4395295157284451193e-01
-8.2066385166642500000e+12
-8.2591694778726052027e+05
 4.2210736997721760417e+04
-2.4636539434568786621e+09
-4.6191454149205878821e+02
 1.9338468533982710938e+13
 2.5062413490887587386e+02
-2.6385837441195728024e+05
-5.6118447137354363804e+04
-2.6666418395341560245e+06
 6.1769223343741992188e+11
-3.3842677960837030000e+15
