100  1.2548268008636933734e+20
-1.3893682019108052500e+15
-2.4520861431104790995e+02
 2.1341262063663648438e+13
 9.8218841318897531778e-01
-1.8224987830106491699e+12
-1.2312160946464124000e+16
-4.1506849549276054745e+01
-3.9256175483507328033e+09
-1.2346706301667840000e+17
 7.2009652880488242954e+05
-3.2653688606783049181e+06
-1.7918412813377940000e+15
-9.9101558667709070960e+00
 3.4211332548111704455e+02
-1.2212674494048410000e+15
 2.9818738820119758606e+10
 1.5660983507008737280e+18
 2.9882998621548562500e+14
-1.5897049266880860087e+06
-3.4393640557294150000e+14
-3.4107045201689517498e+08
 9.1545511441911171875e+12
 8.0732532421804687500e+13
-1.3902528626010086737e+05
-7.6430998964326647638e+01
 2.9670467682852116480e+18
 3.3019340122506459011e+04
 4.2018603560528408707e+03
 4.1810555556001758669e+05
 5.5655831216160004260e+03
-3.4844238955988426909e-01
-1.2612693885106613760e+18
-2.4274217336150216704e+19
-7.3269374404636425897e+06
 1.1562184074269559630e+01
-9.8263853224372416735e+06
 5.8246418361479959458e+02
 3.1819886184487424000e+16
-6.9496675160454820000e+15
 5.0641646170135959983e+05
-5.4453566939859430400e+17
-5.0550899717630351360e+18
 1.3462153115469824000e+16
-7.4091547286108916160e+05
 4.0203831177069985792e+19
-6.8192130306116160000e+16
-8.5318611048839225769e+09
 2.5781924387152832523e-01
-8.3256933307301116943e+10
-4.0546228038332162669e+02
 8.7120157522305543534e+05
 2.1849539275991564500e+05
-4.9385369995296289062e+12
-5.4813424539753615360e+18
 4.3057485968880785000e+15
-7.4811815744936750000e+13
-6.4525666994347968750e+12
 6.6461591392794434796e+02
-7.2021303681785851717e+07
 5.2001627375295936417e+02
 1.5454880184259025000e+14
 1.0840995036109904000e+17
 2.9602661766468067169e+09
-5.5582652088530908330e+00
-7.4149799626652139750e+00
-6.1412032429384371426e+03
-3.7567108055188075000e+14
 1.3523969419276288000e+16
-5.0158696823295939248e+05
-1.9956531036652727096e+01
 1.1877934864296265005e+04
-7.1449104288385581970e+09
-1.6511073644915575187e+02
 1.6675452555899178982e+08
-1.7491087903598454432e+03
-6.7548703431801187500e+13
 5.7124998380421402544e+01
 1.4677876901770485347e+04
-6.4033020953531787109e+11
-1.3554477755036760556e+01
-2.1255855832553333044e+08
-8.5038546818033097452e+01
-2.5589354227135086006e+00
-7.0793566265945678711e+10
-4.0503190041558059420e+02
 1.4030490914511548000e+16
 2.0179216654199549907e+00
 8.6276565665916923899e+05
 1.4064013724359352320e+19
-1.0607562839581757784e+07
-6.2528194592821367188e+13
 3.1301496357294498011e+05
-1.3352160573425084294e+04
-2.2231887354533707776e+19
 1.2951342888750189209e+11
 1.1669316273526176810e+07
 2.7345680070112800598e+09
 2.1761618856700888000e+16
 5.5735587300952744000e+16
-1.3224897660180274397e+07
