100  1.8006456947347462500e+15
 3.1643712467718592961e+04
 3.9393649152556152344e+09
-9.6335034670858902928e+01
 1.0701614750168164062e+11
-4.5961385131144550000e+14
 8.7239358116444083862e+04
 3.4151993367329405373e+03
-1.1320822323492222949e+03
-6.1630797453975628741e+02
 3.7862534973961740732e+07
 1.3429430579487659037e+07
 6.9550041338241875172e+07
 1.0161520713040243750e+14
-9.9008241093934661865e+10
-1.5256847369634780884e+10
-2.0799079017971041612e+06
-2.1829056299705243750e+14
 2.3551752319630452348e+00
 4.5048282416628975255e+00
 2.7034756225498168945e+10
-1.4585309577473783493e+08
-4.2498111528194158382e+01
 7.5126048130204559326e+10
-5.4532899612675659180e+10
-3.4373679828330151367e+11
-2.2014178786276203394e+08
 6.0068460603339079995e-01
-6.4071774036416009324e+00
-4.3929559068423971534e+07
-2.3117127298121438628e+01
-6.6062858926949729721e+01
 8.3653640640833750000e+12
 2.4338152165988638842e+01
-2.2882199852988165389e+01
-1.3746720919553299112e+01
 8.1554534411888092291e+05
 1.5581912429412754136e+04
-6.0811486102085418701e+09
-1.3500416998263190918e+12
-3.9615957631906234375e+13
 8.1065157653419189155e+06
 8.5065851608687847853e+07
-8.7856300182207266334e+05
 2.5311651026010981202e+08
-9.6142615279734155997e-01
 2.9538880875196304321e+09
 3.6311716373222998047e+12
 4.0602755435662373202e+04
-4.0951285995776968750e+13
-1.5005981541937762813e+04
 3.5042348239437011159e+00
 1.4081426938462795988e+03
-6.0121988170052631517e-01
 1.2717772086925332031e+12
-9.3254559182665467262e+07
 5.9876782235705359375e+13
 7.0080444860526840785e+03
 9.5440569976250765625e+13
-1.5453990012302245304e+04
 3.2176633263093055725e+10
-8.1451334528727929688e+11
 1.4561869165145826628e+03
-1.0127437018339527344e+13
-2.8639290943534523249e+06
-1.5933144939766838988e+00
-2.7392560543984050751e+09
 4.4235021338170507812e+11
 1.3416630009113873712e+03
-7.1673049890993123512e-01
-9.7430000922446922118e+00
-6.5315601215518945821e+00
 1.4198260639424838126e+07
-1.8044175641861693293e+02
 4.6736313295543959612e+02
-1.0176042773356887210e+03
 1.0159184999547548828e+12
-2.6952108853040170670e+08
-2.4456333757791270500e+01
-7.5042522875358593750e+11
-3.6237152066489811987e+06
-3.3212732108607195318e+07
 6.0348099340248466797e+12
-3.3701358631198127114e+02
-3.3400301416110130958e+04
 6.0212795460097484589e+09
 4.1374988609509948390e+00
-7.3202508034875895828e+06
 8.0685766923702917364e-01
-1.0090548541800007598e+01
 2.7718591040588484375e+13
 7.7325623369808180723e+05
-1.6625470745424291992e+11
-4.9229307204074340820e+10
-2.6860356516971869496e+03
-9.7469383607098323409e+04
 4.6594382481167125000e+14
 3.3800800114251892090e+11
 9.9701789191279061697e+01
 7.7544085006080393896e+01
 3.0261130166471923828e+11
