100  1.9618066948606725398e+28
 2.2842596564717805308e+00
 1.1485418520507940000e+16
-2.0690081129267948683e+23
-4.6376536051194822656e+19
 2.4849492468044782153e+25
 3.2271255354354418945e+11
-3.5029059237680185344e+20
 1.8463229625793332500e+15
-2.4097876163949418697e+04
 9.5258706073788927181e+20
 2.9049330847749837716e+24
 9.7410047988310281653e+04
-1.1264007707232383728e+10
 2.1235770328516041627e+05
 3.6831376363226275840e+18
-1.4989787859748154879e+07
 1.3484086061475360000e+17
 2.1099382480822917785e+01
 5.9219295289286603762e+26
-3.5706233490032011719e+12
-2.6388726393277280027e+27
 3.4077924805175996426e+00
-2.3272680868800634766e+12
-3.1644700111293506622e+08
 3.8809357259638745745e+03
 1.0847153512537606002e+05
 2.8384828564399908000e+16
-2.6357483167913702379e+23
 6.4812268791829952000e+16
 2.4682212486122397240e+05
 4.3436473136220978136e+24
-6.4437822880295135081e+07
-1.8983315562302814214e+03
-4.7991377611492983997e+06
 3.9345902221165926400e+17
-3.4450556496230209961e+12
-9.6098446123934648438e+12
 2.0077294053348125000e+12
 4.7106844295695950000e+14
-1.5284961038968940983e+01
-4.4057048000967324697e+03
-1.5374579950691161872e+26
 7.2260892894455400892e+02
 1.1080286018929818965e+03
-9.6442138324262416363e+08
-4.0933290020598413086e+11
-3.8065652957450323105e+09
-3.5888395647384305664e+19
-2.1883125592765624000e+16
-2.0700390864338606080e+18
 5.6178286201956012746e+01
-1.7735603748384523074e+27
 9.4744928720956922419e-01
 5.1450064867810302734e+10
 2.3196005033351063673e+00
 2.4354528035244562842e+20
-1.1492485201005576960e+18
 1.4360224275822041818e+04
 1.2415634262948942184e+22
 1.3054569840346829324e+01
 4.1737008796928230346e+24
-1.3791062928402725000e+14
 2.7004548936946310000e+15
 2.0116222989127920000e+15
-1.6796639889788426240e+18
 2.2575749457501105964e+07
-3.2824948305421401223e+25
-4.4135248683064823052e+27
-5.3832909547996673584e+10
 1.0336922868308977286e+02
 1.8709198744503967464e+05
-8.3443520785229468346e+08
-4.7478867149366386414e+10
 7.2325599891834382844e+22
-1.2550017008031508885e+06
 5.1446302405015148438e+13
-1.0261074392965982400e+17
 1.0616110586409665527e+12
-1.1424716906560363692e+22
-2.7853291779933761063e+02
 5.6446394045282874976e+23
-1.3046366016772755432e+11
 1.2150979430968291492e+21
-4.3350276615107911680e+18
-2.9414167240015072823e+09
 6.6146554989953784218e+20
 1.9598852536886871094e+13
-1.1773268366355476562e+13
-2.6727214492500414062e+13
 2.2462325219340167676e+22
-3.4277617123842891776e+19
 1.3879658979934390634e+07
-4.7579023004615112305e+10
 2.0389936918501378333e+23
 1.3024466227721062500e+14
 9.5225458049112687500e+13
-4.7021889479573974609e+10
 8.3361919621204762091e+27
-7.2844316853052354418e+04
 4.7475674188912009044e+25
