100  7.3641124654665160924e+06
-2.4694619109657534864e+05
-3.4352067983301469667e+02
 3.4905244192274915349e+02
-3.0024398580081842374e+05
-1.6454145166080294871e+01
 1.7063402338762261934e+03
 5.4081219660883220968e+02
 1.0146954923053561615e+00
-2.9510096320593048880e+00
-2.2989758877644577296e+04
 1.6609580624391219317e+03
-3.8476544793971552281e+04
 1.2653766807678150599e+03
-1.7122528183849523575e+00
 3.8854051196600494222e+01
-2.9190071285367935161e+01
-3.1029614729777320463e+04
-1.0272395749827628606e+03
 1.4184203464144216067e+00
-1.3730112218209873376e+01
 7.7942563048170043771e-01
 2.4117270338595091062e+01
 3.6218644972099737060e+03
 1.3939963340870056641e+02
 1.6420142031172299539e+03
-1.1512853256895734688e+01
 1.1141093895551111927e+04
 2.3508024103826601277e+03
-1.2713722101719486091e+02
-1.0761809803459368595e+02
 1.1245552345069397416e+05
-2.1369825445176132916e+01
 4.5594116304219653557e+02
 4.6195588739473259920e+03
-1.6432062019073248393e+03
-1.1774299990051957820e+01
-1.5935741291019814525e+04
-9.6440822515358706005e+05
-2.3783291928274613269e+02
 2.9697104141852730663e+02
 5.0710917439594926925e-01
-4.3237610182080106824e+02
 8.0003112419828426027e-01
-2.9448463053086015861e-01
 1.7994650552968791453e+05
 9.0155622685530758531e+00
 3.6180966776649867711e+00
-1.0993753598168287056e+02
-2.5194932637992387754e+03
-7.5881328601152490592e+03
 4.2812708250940590915e+02
-1.7042838153709531070e+03
-4.8217366646345035406e+03
-1.6946029210187715944e+05
 1.4276828026457089038e+00
 5.1633659978807330049e+01
 1.1353555584294808796e+03
-2.0240323166081270756e+02
-2.5740618296388923625e+01
 4.8598590363416093169e+04
-4.6458300820768894113e+00
 6.5504028739666355250e+03
 7.7848981546679151506e+03
-1.8868711590256225463e+03
 2.0237822236493369564e+05
-1.4872000484508222144e+04
 2.0936059352221137378e+06
-1.9292642006112885156e+01
-9.1962554988446718198e+03
-2.0329152314076706534e+05
 5.1593396185766920325e+01
-2.1968662570130881306e+01
 8.2701634262365405448e+03
-5.4772242313079175347e+01
 2.9461495038174323469e-01
-3.0747244643767857042e+00
 2.6777301360476179980e+04
-5.8881601767076631404e+02
 4.3979866547591939252e+00
 1.6586292931836925391e+02
 3.3626063068651012145e+05
 4.7040974249897393733e-02
-2.3820571584517891139e-01
 3.1838425486865709502e+01
 1.1233447008988248772e+00
-9.5818070239024990542e+00
 1.7848052507132779283e+03
 7.1458798985453579888e+00
-9.4740064799191104248e+05
 3.7003623761343624210e+03
-7.1756238781209423905e+04
-1.3288576958978088882e+00
-1.2755082466398231918e+05
-1.7540400441173605941e+03
 5.5252944887310004560e+03
-1.3505797937105635143e+01
-4.1643711664868998668e-01
-1.0425063957029456105e+03
 9.2353442327365046367e+04
 3.2218181950235826662e+04
