100  5.4837640157988349609e+12
 3.9512506276771392822e+09
-3.5198716820687469482e+10
 1.6379063380733447266e+11
 4.5122996739886946926e+00
 4.6640965261697642505e+07
 2.5405422327580902493e+05
 3.3757750385485132938e+02
 7.1970476172586204484e+05
-4.9796861944514802190e+01
-9.8333904640693901456e+04
-2.6589224658868908882e+08
 8.4226645339384702993e+01
-7.5365680235667953491e+09
 3.1060608197379286867e+05
 4.7101733367916015625e+10
 6.0709474138317916870e+10
-1.9933973293628778309e+07
-1.3057519230723114014e+09
-1.0710860514913033247e+09
-3.2708477814848546661e-01
 1.8300291023118887779e+02
 2.7441383633420562744e+08
 2.2241342703291982412e+08
-3.6759824257717457385e+02
 2.6515662075330436230e+07
 8.2848810491496353149e+09
-1.3346687805872792969e+12
 5.6116181790349510266e+04
 6.3707784288520812988e+06
-4.2996585046610448444e+01
-6.9215999685278191578e+01
-1.0396362319213512393e+00
 5.0746765558403796387e+11
-1.4849116577277820397e+04
-6.8795210653093806468e+05
-3.6023137020819783211e+07
 1.9876554202232875923e+02
 2.6996394637659698486e+10
-1.0588954214747643564e+06
-7.9976659463735762984e+04
-5.6453924987802247415e+02
 8.5990996178766101599e+07
 7.0096748351361938489e+01
-1.8001316320427260820e+00
-2.5113467183918934315e+06
 1.2879168260522838682e+06
 1.7973808974432977266e+03
-5.1590336909991106950e+04
-2.5931762762802861744e+02
 3.7014465096929743886e+06
 2.6808924096014543466e+03
-1.5008724618014290463e+06
 8.5332062370835510254e+10
-2.5858111164372703433e+08
-3.1525462614725308086e+00
 8.9116861989304961753e+04
-5.6476791281863498688e+09
 2.1384032193242073059e+07
 1.0286093282291743904e+07
 1.7507330361645025550e+05
-1.7342111095822534180e+11
 7.1872631614994064331e+10
 1.0847537243700711429e+08
 4.0989982485773612279e+05
 5.8523287319874816603e+03
 3.1739763090314568217e+01
 5.6310112990147026721e+04
 3.1549152749127507210e+07
-5.9149925872039407492e+07
-4.0874155286009427073e+03
-6.0135683664036179152e+01
 3.0913256393371925354e+09
-2.9676811492020759033e+04
 1.0189175809206254542e+01
-7.4453309441366656074e+01
 2.0369854802076989746e+11
-3.6831002499775138403e+02
 1.0242305401775799965e+03
-6.8051043624551166431e+03
 2.2538642877734193462e+04
-5.6377797511448500245e+02
 1.2610046400308817625e+07
-1.5934978586040586233e+06
-2.4713747853621472750e+00
 2.9612993485734287262e+10
 3.3228031539354844881e+01
-4.3424064219672107697e+08
-6.1376127476574947650e+02
-8.9030513002950040224e-01
-6.8254814214317274094e+08
-8.4614644516486418247e+08
-5.4244540117024264703e-01
-4.7920364710240531921e+10
-8.8348211432707875967e+07
 2.6524559160855057416e+05
 7.0459893174653581809e+04
-7.6589834117848148346e+09
-1.2756586701552314758e+10
 6.8562018882354736328e+07
 4.1705190555807275391e+11
