100  5.0876037871729305600e+18
 1.5571699537867017090e+07
-6.7818257989742180000e+15
-2.4993215643747024000e+17
-5.6323046785101270676e+08
 2.8559174511275475794e+01
 4.9470391654590011967e+03
-1.4278772698220192000e+17
 1.4049090435638189316e+07
 5.0058747796198779297e+11
 2.8933408787431683540e+09
 3.0519912125546094030e+06
-5.2924768743306760399e+00
 1.3591480048778562012e+12
 4.0059409174078956539e+02
 3.2672313054693376000e+17
 1.7290562045701888565e+04
-9.2821812036294281006e+10
 3.9510821673004597425e+07
 1.1111189790116449280e+18
-3.3965722610939764404e+11
 1.9313525560164856998e-02
-1.9176949813447997428e+01
 1.3918526556131520271e+09
 7.0692755630185794830e+08
-1.2621752328236784706e+03
 6.8253364541412111066e+01
 6.0131775963292564392e+10
-6.9390517082072236121e+00
-9.7754957430463900000e+14
-2.6117468319380912500e+14
 1.3664146183123385000e+15
-8.0516869847467480000e+15
 2.3209751323804818094e+05
-7.3331290217579936375e-01
 4.3932683884007275105e+08
 1.9172469100755733962e+02
-7.1246403015001964569e+08
 1.7972761989478580654e+05
-6.0759881537894323468e+07
 8.2240839301587300000e+14
 1.9803643177988352254e+06
 2.5508968949485927169e+02
-2.5976484316810324344e+03
 1.7946227804750129580e+06
-1.2505720267919858932e+10
 4.9475231360046906250e+13
-1.5654241349433980882e+07
 1.6123386246161938477e+11
-8.3404274037710810080e+05
 3.6210250642605324174e+03
-1.6845161288131237961e+05
 3.2762587954780374275e+03
-5.4630033524317812407e+04
 4.6888589819161064000e+16
-1.1588841100332047063e+03
 1.2973060835461591797e+12
-2.8788303144173812500e+14
 4.3769810310987086268e+03
 2.8813063175215758438e-01
 1.3347689108051545918e+08
 6.6466898014264774323e+08
-2.6089193121571968000e+16
 2.4623994525920128000e+16
-6.2011503527250823709e+01
 4.3735219008119975115e+02
-2.6321930954754097911e+04
 3.7104708926756591797e+09
 8.1329625701735550000e+14
-8.1765463559752750000e+14
 3.2157132397579331882e+05
 2.7791062307613403348e+00
-7.1832471199621215820e+10
 4.0306152983206050067e+02
 8.7087791402195150000e+14
 4.0953114459478889842e-01
-8.7313901910164304354e-02
 1.1100876764224762917e+09
 1.4390678915270450000e+14
 7.4915056843691090762e+03
 3.1378592640106649399e+09
 9.0467378132144226074e+10
 4.5721187535137081146e+08
 1.6219390447702317033e+03
-6.8689838453201809898e+02
-1.7572071137749859840e+18
 4.5488662543029398438e+13
 6.0716639794085798400e+17
 6.3676030619691712000e+16
-3.6729418517798436028e+01
 2.5096849734963440895e+08
 2.6125693681178554688e+12
-4.0883217218139890292e+02
-1.9378623241952770996e+11
 9.9816657909022720000e+15
-5.0117132976098700000e+14
-5.6941631305865775000e+14
 1.5527126773281928035e+05
-3.1501648673404171875e+13
 1.3735064903701301575e+10
 7.3956085858116930467e+03
