100  7.5707290271079028025e+06
-3.1679449326949361421e+02
-1.2159860293515829835e+05
 5.3736607586591730978e+01
-4.9308534670380601892e+05
 7.1321803540876658190e+01
-9.3695313590672668624e-01
 1.1958079671250296805e+00
-3.0584118793055019125e+01
-2.6722763836659901848e-01
-3.1509892124272615987e+00
 3.4136998268057623136e+03
 1.4832891546533536166e+05
-7.0254013618220133139e+03
 4.2031073984355087347e+00
 3.4570896896911726799e+03
-1.7722713930706206156e+04
 4.7857568233979357331e+00
 1.6073945150145867444e+01
-2.9332079316031673955e+00
-3.7053159852078636050e+01
-4.7461677453776746916e+02
 2.9953191114620955204e+02
 1.3928031420202870549e+01
 2.3912967963646009594e+04
-2.7838291850922723825e+04
 3.9620932727880145308e+01
 3.9391761500663284323e+02
-2.2493562485855414707e+04
 1.5100759369364027407e+02
-1.8654663329418636408e+02
 1.7917109564699225110e+00
-8.3544580200731923014e+02
 5.0171646730684047455e+00
-3.0420275030218472239e+03
 1.0803019820326426270e+02
-4.7870353750739323004e+03
 1.5051895783980177157e+02
-3.5956057536070904462e+04
 7.5079254698098674137e-01
 7.2942627824992367636e-01
-2.5534839306361336639e+03
-6.9895547315009898739e+04
 6.1511572039739257889e+03
-1.6357467319622077895e+01
 9.2996471508541844742e-02
-1.6649747221604178549e+02
 1.6822344531262358942e+04
 7.6916411592378892237e+04
-4.7604921961427593487e+04
 4.4081732294250687119e+03
 8.0155517965580725104e+02
-5.5239042384970261992e+03
-3.5050574235674618606e+00
-1.8850554908648482524e+03
 6.7430802795099543800e+03
-2.0404511895510870090e+04
 9.2446476460395103913e+00
 1.9882464208868796050e+03
 3.6533165436502196826e+04
 2.0279541625736758579e+05
 4.3655314841319935226e+01
-2.3810017661544788280e+05
-9.6296040789386424876e+03
-1.2172802504914510064e+05
 9.7121680090916368044e+02
-9.2737909835245591239e+02
-1.6611359722493856950e+00
-2.7052040464881825756e+04
 5.5882516849476762582e+05
 1.0969792366916735773e+04
 4.1629355587985564489e+05
 1.5158093315234009424e+02
 3.6703086974757570715e+02
 4.1515477644127356527e+00
-4.5468152333544864518e+00
-5.6300037652597988199e+04
 4.2804030547799243323e-02
-6.5579508563637167740e-01
-1.9434233763440761322e+03
-4.4778994622269419779e+02
 6.0230583058407148656e+01
-1.9927395021135652087e+00
 3.8819093226533872075e+05
-7.0691304825331497952e+00
-2.0975849226792924185e+01
 5.5680587423573274464e+02
-1.9116588688082335921e+03
-1.8288488064365856189e+02
-3.0495329420805901464e+03
-2.4684721342051736428e+04
-1.5194198685852325070e+02
 1.9844022896312412740e+03
 4.2881667953933174431e+02
 9.4863622613678717244e+02
 9.3809357450355701502e+00
 8.8067136953636406815e+00
-7.7933588385656094033e+02
 4.3523320289546862938e+00
-1.9181124361482271290e-01
-5.4299998713840590790e+05
