100  9.6443717712832203688e+03
-6.5266651798163826115e+00
-6.3439193383493739020e+02
-3.0856234822395254014e+02
 4.6586509200614036885e+00
-3.5481499318916462471e+01
-4.3088258906552958649e+00
-4.4203303462475889773e+02
 2.2206244816876035131e+00
 1.2201706734550227793e+03
-3.4023068937424136493e+02
 3.4183184770958297349e+02
 1.8971616606185992548e-01
 4.5707274932985852978e-01
 6.8500598572806126185e-01
-1.5145824880978331350e-01
-2.3120216220716338640e+00
-5.7018815504857997212e+01
 2.0566032671693324119e+02
-3.6458390846343826652e+00
-8.1045632244647318743e+00
 9.0048625524036793877e+00
 7.1887211121950045367e-01
 4.2190493389266947588e-03
 7.3558164330921051999e+00
-4.5845676553472415549e+01
 1.5142897251825901961e+00
-7.1529735987015385490e+01
 1.2672205830576831431e+02
 8.9003672983020543086e-01
-3.5455861774233798922e-01
-1.8852467093433062928e+00
 9.1060119389906946097e-01
-1.0649404357154754308e+01
 2.8005175014714509985e+01
 5.8120122920854825566e+01
 3.6572799625728202955e+02
 1.9230051619523942463e+02
 3.4689855698378664783e+01
 1.2206927154377324030e+02
-1.0176415958529381101e+02
-3.1572402937892820773e+02
 1.7149606045868057436e+02
-1.3895261094617086250e+00
-1.8847502567830588305e+02
-1.8140471601586193628e+02
-4.6939588224305128783e-01
 1.7553953950297356279e+00
 3.6238356023809235040e+00
-4.6165511394838858905e+01
-5.7363646960064045288e+00
-4.3985982360533732560e+01
 3.3927506926509011009e+01
 1.1284560800453738239e+02
 1.3541182314658410935e+00
-1.1554877591130212622e+00
-3.0575493642646407011e+01
-6.2326565173135342945e+01
-2.0677521172757602486e+00
 1.9543888445339809845e+00
 2.6402204601325479416e+01
 2.1667785853427631082e+01
 1.7418412659584322455e+02
 1.1998239807396430479e+01
-1.2700334995817046035e+02
 3.5970717840181168867e+02
 3.7260170063654186379e+01
 4.1922748507226742731e+01
-7.0973841132210138127e+00
-4.3715145907601572617e+02
 5.6261412423080503231e+02
 4.1294418500894238377e+01
 2.7335805663204615357e+00
 2.9924236774438497832e+01
-2.2560889017501974507e+01
-3.3176067843612577235e+02
 4.0789854763028813522e+01
-1.7887499761115754904e+00
-1.0367722312597038581e+00
 1.7713252363068068274e+00
 1.6247723395428561588e+00
 3.6838943761038109415e+01
 2.8422062948317190489e+01
 2.5317051230576650411e+00
-6.0240307789223166424e+00
 8.5812326687142274295e+01
-6.3833528471981566099e+01
-2.7553385266781706520e+01
-5.4601964784426002097e+01
-3.0003878000742787435e+00
 1.6774501718258331806e+01
-3.6043360076362462863e+00
-1.5889731300886040799e+01
 1.7762246659943983218e+00
 7.0968419713794306247e-01
 4.6135617399334989841e+01
-5.3385858541574089031e+02
 7.6834725675391553068e+01
 1.1451177000543879103e+02
-3.2152362203757220982e+00
-2.1985563033346033990e+02
