100  5.2895606648651103973e+09
-5.1295121982882960765e+01
-2.5144115119752546889e+04
 2.2777260080697119702e+05
-2.2900830189379902890e+01
-9.1013301751858864463e+02
 3.6820666142425277911e+00
 3.4336626219715682851e+01
-7.4882186920128413476e+05
 6.7583905813325517720e-01
-2.9327937749916685561e+02
 2.4659739871344311268e+02
 1.1771818984102468938e+07
 1.1402565318644276261e+08
-5.7493456870579876750e+01
-1.6976556571021955460e+06
 4.1057660824954497814e+08
 1.2906254580430831993e+04
 1.2012747099403276252e+02
 6.9975193024100690309e-01
-6.1894036635684823722e-02
-1.8537142899749287608e+03
-9.8879854093609473864e+00
-4.2363262352992222759e+01
 1.9699731139540438107e+02
 1.2936599592650843988e+04
 1.0180454783757209469e+01
-1.3872113996475256979e+07
-1.2322388352707929909e+07
 4.6483557354114636779e+07
-3.8049717185280591991e+01
 3.8580579482586620088e+02
 1.3595185490141905844e+07
-1.7553278327868680935e+05
 8.3568276515374157043e+02
-5.5261849707345431671e+05
-6.5278020546491746791e+05
-2.2650779749483714909e+02
 1.2688550125149104133e+03
-4.1809274533312786371e+06
 6.6254238261875216267e+03
 1.0780578569682729430e+06
 1.8220321801241072826e+06
 1.2016602307645907786e+03
-9.4146367214461788535e+03
 2.3422826107912777616e+02
-2.4946753024908923102e+00
-1.3291753903695812821e+08
-9.4263624472302377224e+07
-5.3812487393389418721e+07
 1.7894588518088823184e+05
-1.7346341366276860237e+07
 3.1793202938405662472e-01
 3.7838803241901963759e-01
-3.0711989722312837839e+07
 5.0545558543351409025e+05
-7.9831459267768991594e+00
 5.0038575592878230964e+04
 3.1021853262465156149e+04
 5.2081968953843805939e+06
 3.0125531218865554780e+07
 1.6768757091469609577e+01
-4.5220761967440014705e+06
-2.7459587358044844121e+07
-2.1671251313158055751e+01
 1.5564041070326038607e+02
-3.0513448540817553294e+03
-8.4592770373902440071e+07
-2.0401850170734455503e+01
 3.0340743540404431522e+07
-1.4474750190987098904e+04
 1.6489805563072786754e+03
 7.7013650134129106998e+07
 9.7029646440778449801e-01
-1.1673307737875857626e+00
-7.5086403614738464355e+07
 1.1535442812094643159e+04
-1.1142969293610790372e+08
 3.8484698463689708710e+08
-7.8631731251110788435e+05
-1.6967149897487042836e+03
-1.7287192549484720985e+03
-6.5532366559300662630e+03
 3.2962091085241839290e+07
-2.9981349328112264629e+02
-5.6656355934424908583e+01
 1.6381736114902549889e+05
-2.1335998179965196177e+06
-9.3125744196884870529e+07
 4.0541804772984505689e+02
-4.8273042302927860874e+03
 1.0333885771169626969e+05
 7.1536476990536302765e+03
-3.0010977411218672991e+08
 2.7681786385890736710e+04
-9.4517120366852314106e+00
-7.1984408844763878733e+06
-9.1397525089233785868e+07
-4.2802008832091757995e+00
-9.2923760943140152335e+00
-2.8525830854579300649e+04
